
DETspectrum = [
    1    1    1    1    1    1    1    1    1    1  0.00000E+00 0.00000 
    2    2    1    1    1    1    1    1    1    1  0.00000E+00 0.00000 
    3    3    1    1    1    1    1    1    1    1  0.00000E+00 0.00000 
    4    4    1    1    1    1    1    1    1    1  0.00000E+00 0.00000 
    5    5    1    1    1    1    1    1    1    1  0.00000E+00 0.00000 
    6    6    1    1    1    1    1    1    1    1  0.00000E+00 0.00000 
    7    7    1    1    1    1    1    1    1    1  0.00000E+00 0.00000 
    8    8    1    1    1    1    1    1    1    1  0.00000E+00 0.00000 
    9    9    1    1    1    1    1    1    1    1  0.00000E+00 0.00000 
   10   10    1    1    1    1    1    1    1    1  0.00000E+00 0.00000 
   11   11    1    1    1    1    1    1    1    1  0.00000E+00 0.00000 
   12   12    1    1    1    1    1    1    1    1  0.00000E+00 0.00000 
   13   13    1    1    1    1    1    1    1    1  0.00000E+00 0.00000 
   14   14    1    1    1    1    1    1    1    1  0.00000E+00 0.00000 
   15   15    1    1    1    1    1    1    1    1  0.00000E+00 0.00000 
   16   16    1    1    1    1    1    1    1    1  0.00000E+00 0.00000 
   17   17    1    1    1    1    1    1    1    1  0.00000E+00 0.00000 
   18   18    1    1    1    1    1    1    1    1  0.00000E+00 0.00000 
   19   19    1    1    1    1    1    1    1    1  0.00000E+00 0.00000 
   20   20    1    1    1    1    1    1    1    1  0.00000E+00 0.00000 
   21   21    1    1    1    1    1    1    1    1  0.00000E+00 0.00000 
   22   22    1    1    1    1    1    1    1    1  0.00000E+00 0.00000 
   23   23    1    1    1    1    1    1    1    1  0.00000E+00 0.00000 
   24   24    1    1    1    1    1    1    1    1  0.00000E+00 0.00000 
   25   25    1    1    1    1    1    1    1    1  0.00000E+00 0.00000 
   26   26    1    1    1    1    1    1    1    1  0.00000E+00 0.00000 
   27   27    1    1    1    1    1    1    1    1  2.48383E+12 1.00000 
   28   28    1    1    1    1    1    1    1    1  0.00000E+00 0.00000 
   29   29    1    1    1    1    1    1    1    1  0.00000E+00 0.00000 
   30   30    1    1    1    1    1    1    1    1  3.43344E+12 1.00000 
   31   31    1    1    1    1    1    1    1    1  1.12214E+13 1.00000 
   32   32    1    1    1    1    1    1    1    1  0.00000E+00 0.00000 
   33   33    1    1    1    1    1    1    1    1  0.00000E+00 0.00000 
   34   34    1    1    1    1    1    1    1    1  2.69283E+13 1.00000 
   35   35    1    1    1    1    1    1    1    1  0.00000E+00 0.00000 
   36   36    1    1    1    1    1    1    1    1  0.00000E+00 0.00000 
   37   37    1    1    1    1    1    1    1    1  6.44235E+12 1.00000 
   38   38    1    1    1    1    1    1    1    1  3.09619E+13 1.00000 
   39   39    1    1    1    1    1    1    1    1  7.55858E+12 1.00000 
   40   40    1    1    1    1    1    1    1    1  7.87950E+12 1.00000 
   41   41    1    1    1    1    1    1    1    1  4.18284E+12 1.00000 
   42   42    1    1    1    1    1    1    1    1  2.24229E+13 1.00000 
   43   43    1    1    1    1    1    1    1    1  6.69268E+13 0.70285 
   44   44    1    1    1    1    1    1    1    1  6.22716E+13 0.84175 
   45   45    1    1    1    1    1    1    1    1  3.97981E+13 0.65998 
   46   46    1    1    1    1    1    1    1    1  8.31099E+13 0.63122 
   47   47    1    1    1    1    1    1    1    1  3.50549E+13 0.74203 
   48   48    1    1    1    1    1    1    1    1  2.40383E+13 0.70414 
   49   49    1    1    1    1    1    1    1    1  1.40956E+14 1.00000 
   50   50    1    1    1    1    1    1    1    1  6.25932E+13 1.00000 
   51   51    1    1    1    1    1    1    1    1  3.16157E+13 1.00000 
   52   52    1    1    1    1    1    1    1    1  0.00000E+00 0.00000 
   53   53    1    1    1    1    1    1    1    1  6.46564E+13 0.70413 
   54   54    1    1    1    1    1    1    1    1  6.51555E+13 1.00000 
   55   55    1    1    1    1    1    1    1    1  6.59995E+13 0.70413 
   56   56    1    1    1    1    1    1    1    1  0.00000E+00 0.00000 
   57   57    1    1    1    1    1    1    1    1  6.70687E+13 1.00000 
   58   58    1    1    1    1    1    1    1    1  2.27130E+14 0.86267 
   59   59    1    1    1    1    1    1    1    1  6.83575E+13 1.00000 
   60   60    1    1    1    1    1    1    1    1  1.04476E+14 0.57250 
   61   61    1    1    1    1    1    1    1    1  0.00000E+00 0.00000 
   62   62    1    1    1    1    1    1    1    1  0.00000E+00 0.00000 
   63   63    1    1    1    1    1    1    1    1  0.00000E+00 0.00000 
   64   64    1    1    1    1    1    1    1    1  1.42262E+14 1.00000 
   65   65    1    1    1    1    1    1    1    1  1.11437E+14 0.76008 
   66   66    1    1    1    1    1    1    1    1  4.47919E+13 0.74780 
   67   67    1    1    1    1    1    1    1    1  1.59407E+13 1.00000 
   68   68    1    1    1    1    1    1    1    1  1.52472E+14 0.47416 
   69   69    1    1    1    1    1    1    1    1  1.02780E+14 0.65152 
   70   70    1    1    1    1    1    1    1    1  1.00688E+14 0.47822 
   71   71    1    1    1    1    1    1    1    1  1.68265E+14 0.59822 
   72   72    1    1    1    1    1    1    1    1  1.42670E+14 0.52250 
   73   73    1    1    1    1    1    1    1    1  1.03969E+14 0.55232 
   74   74    1    1    1    1    1    1    1    1  1.51815E+14 0.43917 
   75   75    1    1    1    1    1    1    1    1  7.85872E+13 0.44764 
   76   76    1    1    1    1    1    1    1    1  1.68296E+14 0.46657 
   77   77    1    1    1    1    1    1    1    1  3.25183E+14 0.35971 
   78   78    1    1    1    1    1    1    1    1  2.12664E+14 0.40727 
   79   79    1    1    1    1    1    1    1    1  1.22131E+14 0.52522 
   80   80    1    1    1    1    1    1    1    1  2.04785E+14 0.41562 
   81   81    1    1    1    1    1    1    1    1  4.56882E+14 0.36644 
   82   82    1    1    1    1    1    1    1    1  3.38017E+14 0.29754 
   83   83    1    1    1    1    1    1    1    1  3.87079E+14 0.36805 
   84   84    1    1    1    1    1    1    1    1  4.51865E+14 0.34527 
   85   85    1    1    1    1    1    1    1    1  4.27762E+14 0.28991 
   86   86    1    1    1    1    1    1    1    1  4.48160E+14 0.46511 
   87   87    1    1    1    1    1    1    1    1  4.48594E+14 0.37120 
   88   88    1    1    1    1    1    1    1    1  4.16460E+14 0.43288 
   89   89    1    1    1    1    1    1    1    1  5.71650E+14 0.43544 
   90   90    1    1    1    1    1    1    1    1  6.70516E+14 0.50190 
   91   91    1    1    1    1    1    1    1    1  4.54662E+14 0.56180 
   92   92    1    1    1    1    1    1    1    1  5.19577E+14 0.44290 
   93   93    1    1    1    1    1    1    1    1  5.61355E+14 0.19010 
   94   94    1    1    1    1    1    1    1    1  7.84711E+14 0.25283 
   95   95    1    1    1    1    1    1    1    1  9.22854E+14 0.20992 
   96   96    1    1    1    1    1    1    1    1  1.28099E+15 0.14340 
   97   97    1    1    1    1    1    1    1    1  1.56440E+15 0.15947 
   98   98    1    1    1    1    1    1    1    1  1.99636E+15 0.13660 
   99   99    1    1    1    1    1    1    1    1  2.42675E+15 0.11678 
  100  100    1    1    1    1    1    1    1    1  1.92362E+15 0.14970 
  101  101    1    1    1    1    1    1    1    1  2.24453E+15 0.14347 
  102  102    1    1    1    1    1    1    1    1  2.75779E+15 0.14290 
  103  103    1    1    1    1    1    1    1    1  2.34278E+15 0.13545 
  104  104    1    1    1    1    1    1    1    1  3.25191E+15 0.17254 
  105  105    1    1    1    1    1    1    1    1  4.41853E+15 0.09980 
  106  106    1    1    1    1    1    1    1    1  5.32601E+15 0.09375 
  107  107    1    1    1    1    1    1    1    1  5.67689E+15 0.08313 
  108  108    1    1    1    1    1    1    1    1  6.28000E+15 0.06638 
  109  109    1    1    1    1    1    1    1    1  6.62494E+15 0.10469 
