
DETspectrum = [
    1    1    1    1    1    1    1    1    1    1  0.00000E+00 0.00000 
    2    2    1    1    1    1    1    1    1    1  0.00000E+00 0.00000 
    3    3    1    1    1    1    1    1    1    1  0.00000E+00 0.00000 
    4    4    1    1    1    1    1    1    1    1  0.00000E+00 0.00000 
    5    5    1    1    1    1    1    1    1    1  0.00000E+00 0.00000 
    6    6    1    1    1    1    1    1    1    1  0.00000E+00 0.00000 
    7    7    1    1    1    1    1    1    1    1  0.00000E+00 0.00000 
    8    8    1    1    1    1    1    1    1    1  0.00000E+00 0.00000 
    9    9    1    1    1    1    1    1    1    1  0.00000E+00 0.00000 
   10   10    1    1    1    1    1    1    1    1  0.00000E+00 0.00000 
   11   11    1    1    1    1    1    1    1    1  0.00000E+00 0.00000 
   12   12    1    1    1    1    1    1    1    1  0.00000E+00 0.00000 
   13   13    1    1    1    1    1    1    1    1  0.00000E+00 0.00000 
   14   14    1    1    1    1    1    1    1    1  0.00000E+00 0.00000 
   15   15    1    1    1    1    1    1    1    1  0.00000E+00 0.00000 
   16   16    1    1    1    1    1    1    1    1  0.00000E+00 0.00000 
   17   17    1    1    1    1    1    1    1    1  0.00000E+00 0.00000 
   18   18    1    1    1    1    1    1    1    1  0.00000E+00 0.00000 
   19   19    1    1    1    1    1    1    1    1  0.00000E+00 0.00000 
   20   20    1    1    1    1    1    1    1    1  0.00000E+00 0.00000 
   21   21    1    1    1    1    1    1    1    1  0.00000E+00 0.00000 
   22   22    1    1    1    1    1    1    1    1  0.00000E+00 0.00000 
   23   23    1    1    1    1    1    1    1    1  0.00000E+00 0.00000 
   24   24    1    1    1    1    1    1    1    1  0.00000E+00 0.00000 
   25   25    1    1    1    1    1    1    1    1  0.00000E+00 0.00000 
   26   26    1    1    1    1    1    1    1    1  0.00000E+00 0.00000 
   27   27    1    1    1    1    1    1    1    1  0.00000E+00 0.00000 
   28   28    1    1    1    1    1    1    1    1  1.11451E+13 1.00000 
   29   29    1    1    1    1    1    1    1    1  0.00000E+00 0.00000 
   30   30    1    1    1    1    1    1    1    1  0.00000E+00 0.00000 
   31   31    1    1    1    1    1    1    1    1  0.00000E+00 0.00000 
   32   32    1    1    1    1    1    1    1    1  0.00000E+00 0.00000 
   33   33    1    1    1    1    1    1    1    1  3.75078E+13 1.00000 
   34   34    1    1    1    1    1    1    1    1  0.00000E+00 0.00000 
   35   35    1    1    1    1    1    1    1    1  0.00000E+00 0.00000 
   36   36    1    1    1    1    1    1    1    1  1.28415E+13 1.00000 
   37   37    1    1    1    1    1    1    1    1  1.42538E+13 1.00000 
   38   38    1    1    1    1    1    1    1    1  7.11311E+12 1.00000 
   39   39    1    1    1    1    1    1    1    1  3.37148E+13 1.00000 
   40   40    1    1    1    1    1    1    1    1  7.92506E+12 1.00000 
   41   41    1    1    1    1    1    1    1    1  6.93402E+13 0.75747 
   42   42    1    1    1    1    1    1    1    1  0.00000E+00 0.00000 
   43   43    1    1    1    1    1    1    1    1  9.69832E+12 1.00000 
   44   44    1    1    1    1    1    1    1    1  1.57517E+13 0.74493 
   45   45    1    1    1    1    1    1    1    1  4.79610E+13 0.69934 
   46   46    1    1    1    1    1    1    1    1  1.54019E+14 0.85455 
   47   47    1    1    1    1    1    1    1    1  7.92519E+13 0.86011 
   48   48    1    1    1    1    1    1    1    1  6.89629E+13 1.00000 
   49   49    1    1    1    1    1    1    1    1  1.54178E+14 0.92051 
   50   50    1    1    1    1    1    1    1    1  6.41285E+13 0.70417 
   51   51    1    1    1    1    1    1    1    1  3.27229E+13 1.00000 
   52   52    1    1    1    1    1    1    1    1  3.23883E+13 1.00000 
   53   53    1    1    1    1    1    1    1    1  0.00000E+00 0.00000 
   54   54    1    1    1    1    1    1    1    1  3.37137E+13 1.00000 
   55   55    1    1    1    1    1    1    1    1  0.00000E+00 0.00000 
   56   56    1    1    1    1    1    1    1    1  0.00000E+00 0.00000 
   57   57    1    1    1    1    1    1    1    1  1.91294E+14 1.00000 
   58   58    1    1    1    1    1    1    1    1  3.43365E+13 1.00000 
   59   59    1    1    1    1    1    1    1    1  2.63800E+14 0.78056 
   60   60    1    1    1    1    1    1    1    1  7.06847E+13 0.70417 
   61   61    1    1    1    1    1    1    1    1  3.53100E+13 1.00000 
   62   62    1    1    1    1    1    1    1    1  2.34219E+14 0.86013 
   63   63    1    1    1    1    1    1    1    1  0.00000E+00 0.00000 
   64   64    1    1    1    1    1    1    1    1  0.00000E+00 0.00000 
   65   65    1    1    1    1    1    1    1    1  5.74720E+13 1.00000 
   66   66    1    1    1    1    1    1    1    1  0.00000E+00 0.00000 
   67   67    1    1    1    1    1    1    1    1  1.53943E+13 1.00000 
   68   68    1    1    1    1    1    1    1    1  4.78157E+13 0.74487 
   69   69    1    1    1    1    1    1    1    1  1.65445E+13 1.00000 
   70   70    1    1    1    1    1    1    1    1  2.54442E+13 0.74111 
   71   71    1    1    1    1    1    1    1    1  4.37954E+13 1.00000 
   72   72    1    1    1    1    1    1    1    1  1.10678E+14 0.54966 
   73   73    1    1    1    1    1    1    1    1  3.84282E+13 1.00000 
   74   74    1    1    1    1    1    1    1    1  1.16013E+14 0.62522 
   75   75    1    1    1    1    1    1    1    1  7.19748E+13 0.51049 
   76   76    1    1    1    1    1    1    1    1  8.50983E+13 0.46930 
   77   77    1    1    1    1    1    1    1    1  1.28314E+14 0.44348 
   78   78    1    1    1    1    1    1    1    1  9.29437E+13 0.54678 
   79   79    1    1    1    1    1    1    1    1  7.43502E+13 0.76497 
   80   80    1    1    1    1    1    1    1    1  1.24677E+14 0.43775 
   81   81    1    1    1    1    1    1    1    1  3.45189E+14 0.56042 
   82   82    1    1    1    1    1    1    1    1  2.63153E+14 0.48605 
   83   83    1    1    1    1    1    1    1    1  1.73680E+14 0.45188 
   84   84    1    1    1    1    1    1    1    1  3.48611E+14 0.37020 
   85   85    1    1    1    1    1    1    1    1  5.13687E+14 0.30067 
   86   86    1    1    1    1    1    1    1    1  6.37712E+14 0.31546 
   87   87    1    1    1    1    1    1    1    1  5.12898E+14 0.32065 
   88   88    1    1    1    1    1    1    1    1  3.19404E+14 0.33414 
   89   89    1    1    1    1    1    1    1    1  2.95316E+14 0.42895 
   90   90    1    1    1    1    1    1    1    1  3.11449E+14 0.62067 
   91   91    1    1    1    1    1    1    1    1  3.87478E+14 0.49129 
   92   92    1    1    1    1    1    1    1    1  5.90263E+14 0.42052 
   93   93    1    1    1    1    1    1    1    1  6.44913E+14 0.21058 
   94   94    1    1    1    1    1    1    1    1  4.91433E+14 0.27482 
   95   95    1    1    1    1    1    1    1    1  5.30792E+14 0.25551 
   96   96    1    1    1    1    1    1    1    1  1.03857E+15 0.15658 
   97   97    1    1    1    1    1    1    1    1  1.09655E+15 0.18540 
   98   98    1    1    1    1    1    1    1    1  1.09206E+15 0.12937 
   99   99    1    1    1    1    1    1    1    1  1.80021E+15 0.12026 
  100  100    1    1    1    1    1    1    1    1  1.70564E+15 0.15639 
  101  101    1    1    1    1    1    1    1    1  2.27912E+15 0.14203 
  102  102    1    1    1    1    1    1    1    1  1.55935E+15 0.14787 
  103  103    1    1    1    1    1    1    1    1  1.78502E+15 0.16367 
  104  104    1    1    1    1    1    1    1    1  2.80018E+15 0.18069 
  105  105    1    1    1    1    1    1    1    1  2.85171E+15 0.10494 
  106  106    1    1    1    1    1    1    1    1  4.05689E+15 0.09046 
  107  107    1    1    1    1    1    1    1    1  3.93759E+15 0.09385 
  108  108    1    1    1    1    1    1    1    1  4.47178E+15 0.07389 
  109  109    1    1    1    1    1    1    1    1  6.47957E+15 0.09301 
