
DETspectrum = [
    1    1    1    1    1    1    1    1    1    1  0.00000E+00 0.00000 
    2    2    1    1    1    1    1    1    1    1  0.00000E+00 0.00000 
    3    3    1    1    1    1    1    1    1    1  0.00000E+00 0.00000 
    4    4    1    1    1    1    1    1    1    1  0.00000E+00 0.00000 
    5    5    1    1    1    1    1    1    1    1  0.00000E+00 0.00000 
    6    6    1    1    1    1    1    1    1    1  0.00000E+00 0.00000 
    7    7    1    1    1    1    1    1    1    1  0.00000E+00 0.00000 
    8    8    1    1    1    1    1    1    1    1  0.00000E+00 0.00000 
    9    9    1    1    1    1    1    1    1    1  0.00000E+00 0.00000 
   10   10    1    1    1    1    1    1    1    1  0.00000E+00 0.00000 
   11   11    1    1    1    1    1    1    1    1  0.00000E+00 0.00000 
   12   12    1    1    1    1    1    1    1    1  0.00000E+00 0.00000 
   13   13    1    1    1    1    1    1    1    1  0.00000E+00 0.00000 
   14   14    1    1    1    1    1    1    1    1  0.00000E+00 0.00000 
   15   15    1    1    1    1    1    1    1    1  0.00000E+00 0.00000 
   16   16    1    1    1    1    1    1    1    1  0.00000E+00 0.00000 
   17   17    1    1    1    1    1    1    1    1  0.00000E+00 0.00000 
   18   18    1    1    1    1    1    1    1    1  0.00000E+00 0.00000 
   19   19    1    1    1    1    1    1    1    1  2.06472E+13 1.00000 
   20   20    1    1    1    1    1    1    1    1  0.00000E+00 0.00000 
   21   21    1    1    1    1    1    1    1    1  0.00000E+00 0.00000 
   22   22    1    1    1    1    1    1    1    1  0.00000E+00 0.00000 
   23   23    1    1    1    1    1    1    1    1  1.48163E+13 1.00000 
   24   24    1    1    1    1    1    1    1    1  9.04539E+12 1.00000 
   25   25    1    1    1    1    1    1    1    1  0.00000E+00 0.00000 
   26   26    1    1    1    1    1    1    1    1  5.01503E+13 1.00000 
   27   27    1    1    1    1    1    1    1    1  0.00000E+00 0.00000 
   28   28    1    1    1    1    1    1    1    1  1.60796E+13 1.00000 
   29   29    1    1    1    1    1    1    1    1  0.00000E+00 0.00000 
   30   30    1    1    1    1    1    1    1    1  1.99310E+13 1.00000 
   31   31    1    1    1    1    1    1    1    1  2.55973E+13 0.85992 
   32   32    1    1    1    1    1    1    1    1  8.45218E+12 1.00000 
   33   33    1    1    1    1    1    1    1    1  3.40370E+13 0.77744 
   34   34    1    1    1    1    1    1    1    1  2.71258E+13 1.00000 
   35   35    1    1    1    1    1    1    1    1  1.41205E+13 0.83027 
   36   36    1    1    1    1    1    1    1    1  5.87300E+13 0.70946 
   37   37    1    1    1    1    1    1    1    1  3.93207E+13 0.61041 
   38   38    1    1    1    1    1    1    1    1  9.65029E+13 0.67529 
   39   39    1    1    1    1    1    1    1    1  1.43569E+14 0.94605 
   40   40    1    1    1    1    1    1    1    1  4.46145E+13 1.00000 
   41   41    1    1    1    1    1    1    1    1  2.45881E+14 0.51923 
   42   42    1    1    1    1    1    1    1    1  1.40081E+14 0.56836 
   43   43    1    1    1    1    1    1    1    1  1.89356E+14 0.51822 
   44   44    1    1    1    1    1    1    1    1  1.85338E+14 0.59885 
   45   45    1    1    1    1    1    1    1    1  1.55251E+14 0.41677 
   46   46    1    1    1    1    1    1    1    1  3.87498E+14 0.47057 
   47   47    1    1    1    1    1    1    1    1  5.02585E+13 1.00000 
   48   48    1    1    1    1    1    1    1    1  3.37101E+14 0.54308 
   49   49    1    1    1    1    1    1    1    1  3.13586E+14 0.58614 
   50   50    1    1    1    1    1    1    1    1  3.04555E+13 1.00000 
   51   51    1    1    1    1    1    1    1    1  2.60272E+14 0.76901 
   52   52    1    1    1    1    1    1    1    1  3.41043E+13 1.00000 
   53   53    1    1    1    1    1    1    1    1  2.22279E+14 0.85977 
   54   54    1    1    1    1    1    1    1    1  0.00000E+00 0.00000 
   55   55    1    1    1    1    1    1    1    1  3.23646E+13 1.00000 
   56   56    1    1    1    1    1    1    1    1  5.75053E+14 0.57254 
   57   57    1    1    1    1    1    1    1    1  4.13533E+14 0.70413 
   58   58    1    1    1    1    1    1    1    1  6.21819E+14 0.54397 
   59   59    1    1    1    1    1    1    1    1  7.24323E+13 0.70415 
   60   60    1    1    1    1    1    1    1    1  3.47267E+13 1.00000 
   61   61    1    1    1    1    1    1    1    1  5.65384E+14 0.58057 
   62   62    1    1    1    1    1    1    1    1  4.41424E+14 0.64891 
   63   63    1    1    1    1    1    1    1    1  2.00817E+14 1.00000 
   64   64    1    1    1    1    1    1    1    1  1.46843E+14 0.70473 
   65   65    1    1    1    1    1    1    1    1  3.44232E+14 0.57614 
   66   66    1    1    1    1    1    1    1    1  9.08983E+13 0.57283 
   67   67    1    1    1    1    1    1    1    1  2.51486E+14 0.58905 
   68   68    1    1    1    1    1    1    1    1  2.63103E+14 0.55294 
   69   69    1    1    1    1    1    1    1    1  2.63977E+14 0.45085 
   70   70    1    1    1    1    1    1    1    1  3.69645E+14 0.38422 
   71   71    1    1    1    1    1    1    1    1  4.40039E+14 0.41773 
   72   72    1    1    1    1    1    1    1    1  1.82375E+14 0.63770 
   73   73    1    1    1    1    1    1    1    1  3.56256E+14 0.43734 
   74   74    1    1    1    1    1    1    1    1  2.17006E+14 0.48614 
   75   75    1    1    1    1    1    1    1    1  3.75861E+14 0.35184 
   76   76    1    1    1    1    1    1    1    1  3.25717E+14 0.35880 
   77   77    1    1    1    1    1    1    1    1  5.48973E+14 0.33718 
   78   78    1    1    1    1    1    1    1    1  8.13795E+14 0.37111 
   79   79    1    1    1    1    1    1    1    1  7.77218E+14 0.29208 
   80   80    1    1    1    1    1    1    1    1  4.17203E+14 0.27185 
   81   81    1    1    1    1    1    1    1    1  6.60484E+14 0.32665 
   82   82    1    1    1    1    1    1    1    1  4.92366E+14 0.33961 
   83   83    1    1    1    1    1    1    1    1  6.55499E+14 0.29812 
   84   84    1    1    1    1    1    1    1    1  6.54294E+14 0.28334 
   85   85    1    1    1    1    1    1    1    1  5.17758E+14 0.28121 
   86   86    1    1    1    1    1    1    1    1  9.10040E+14 0.27588 
   87   87    1    1    1    1    1    1    1    1  1.26172E+15 0.24898 
   88   88    1    1    1    1    1    1    1    1  1.22152E+15 0.32074 
   89   89    1    1    1    1    1    1    1    1  1.09969E+15 0.23901 
   90   90    1    1    1    1    1    1    1    1  5.98167E+14 0.51798 
   91   91    1    1    1    1    1    1    1    1  7.41816E+14 0.36209 
   92   92    1    1    1    1    1    1    1    1  1.11158E+15 0.25259 
   93   93    1    1    1    1    1    1    1    1  1.29358E+15 0.16126 
   94   94    1    1    1    1    1    1    1    1  1.07550E+15 0.18535 
   95   95    1    1    1    1    1    1    1    1  1.57570E+15 0.17383 
   96   96    1    1    1    1    1    1    1    1  1.67206E+15 0.10801 
   97   97    1    1    1    1    1    1    1    1  2.42528E+15 0.15421 
   98   98    1    1    1    1    1    1    1    1  2.49540E+15 0.13420 
   99   99    1    1    1    1    1    1    1    1  3.32316E+15 0.08892 
  100  100    1    1    1    1    1    1    1    1  2.62121E+15 0.15538 
  101  101    1    1    1    1    1    1    1    1  3.68912E+15 0.13718 
  102  102    1    1    1    1    1    1    1    1  3.37269E+15 0.12874 
  103  103    1    1    1    1    1    1    1    1  3.35421E+15 0.14166 
  104  104    1    1    1    1    1    1    1    1  4.24471E+15 0.14761 
  105  105    1    1    1    1    1    1    1    1  5.13089E+15 0.07935 
  106  106    1    1    1    1    1    1    1    1  6.32040E+15 0.07699 
  107  107    1    1    1    1    1    1    1    1  6.57345E+15 0.08793 
  108  108    1    1    1    1    1    1    1    1  6.33739E+15 0.06156 
  109  109    1    1    1    1    1    1    1    1  9.61160E+15 0.09384 
