
DETspectrum = [
    1    1    1    1    1    1    1    1    1    1  0.00000E+00 0.00000 
    2    2    1    1    1    1    1    1    1    1  0.00000E+00 0.00000 
    3    3    1    1    1    1    1    1    1    1  0.00000E+00 0.00000 
    4    4    1    1    1    1    1    1    1    1  0.00000E+00 0.00000 
    5    5    1    1    1    1    1    1    1    1  0.00000E+00 0.00000 
    6    6    1    1    1    1    1    1    1    1  0.00000E+00 0.00000 
    7    7    1    1    1    1    1    1    1    1  0.00000E+00 0.00000 
    8    8    1    1    1    1    1    1    1    1  0.00000E+00 0.00000 
    9    9    1    1    1    1    1    1    1    1  0.00000E+00 0.00000 
   10   10    1    1    1    1    1    1    1    1  0.00000E+00 0.00000 
   11   11    1    1    1    1    1    1    1    1  0.00000E+00 0.00000 
   12   12    1    1    1    1    1    1    1    1  0.00000E+00 0.00000 
   13   13    1    1    1    1    1    1    1    1  0.00000E+00 0.00000 
   14   14    1    1    1    1    1    1    1    1  0.00000E+00 0.00000 
   15   15    1    1    1    1    1    1    1    1  0.00000E+00 0.00000 
   16   16    1    1    1    1    1    1    1    1  0.00000E+00 0.00000 
   17   17    1    1    1    1    1    1    1    1  0.00000E+00 0.00000 
   18   18    1    1    1    1    1    1    1    1  0.00000E+00 0.00000 
   19   19    1    1    1    1    1    1    1    1  0.00000E+00 0.00000 
   20   20    1    1    1    1    1    1    1    1  0.00000E+00 0.00000 
   21   21    1    1    1    1    1    1    1    1  0.00000E+00 0.00000 
   22   22    1    1    1    1    1    1    1    1  0.00000E+00 0.00000 
   23   23    1    1    1    1    1    1    1    1  0.00000E+00 0.00000 
   24   24    1    1    1    1    1    1    1    1  0.00000E+00 0.00000 
   25   25    1    1    1    1    1    1    1    1  0.00000E+00 0.00000 
   26   26    1    1    1    1    1    1    1    1  0.00000E+00 0.00000 
   27   27    1    1    1    1    1    1    1    1  0.00000E+00 0.00000 
   28   28    1    1    1    1    1    1    1    1  0.00000E+00 0.00000 
   29   29    1    1    1    1    1    1    1    1  0.00000E+00 0.00000 
   30   30    1    1    1    1    1    1    1    1  0.00000E+00 0.00000 
   31   31    1    1    1    1    1    1    1    1  0.00000E+00 0.00000 
   32   32    1    1    1    1    1    1    1    1  0.00000E+00 0.00000 
   33   33    1    1    1    1    1    1    1    1  0.00000E+00 0.00000 
   34   34    1    1    1    1    1    1    1    1  0.00000E+00 0.00000 
   35   35    1    1    1    1    1    1    1    1  0.00000E+00 0.00000 
   36   36    1    1    1    1    1    1    1    1  0.00000E+00 0.00000 
   37   37    1    1    1    1    1    1    1    1  0.00000E+00 0.00000 
   38   38    1    1    1    1    1    1    1    1  0.00000E+00 0.00000 
   39   39    1    1    1    1    1    1    1    1  0.00000E+00 0.00000 
   40   40    1    1    1    1    1    1    1    1  0.00000E+00 0.00000 
   41   41    1    1    1    1    1    1    1    1  0.00000E+00 0.00000 
   42   42    1    1    1    1    1    1    1    1  0.00000E+00 0.00000 
   43   43    1    1    1    1    1    1    1    1  5.05254E+12 1.00000 
   44   44    1    1    1    1    1    1    1    1  0.00000E+00 0.00000 
   45   45    1    1    1    1    1    1    1    1  5.72237E+12 1.00000 
   46   46    1    1    1    1    1    1    1    1  0.00000E+00 0.00000 
   47   47    1    1    1    1    1    1    1    1  1.18474E+13 1.00000 
   48   48    1    1    1    1    1    1    1    1  1.21812E+13 1.00000 
   49   49    1    1    1    1    1    1    1    1  0.00000E+00 0.00000 
   50   50    1    1    1    1    1    1    1    1  9.78606E+13 0.74658 
   51   51    1    1    1    1    1    1    1    1  0.00000E+00 0.00000 
   52   52    1    1    1    1    1    1    1    1  0.00000E+00 0.00000 
   53   53    1    1    1    1    1    1    1    1  0.00000E+00 0.00000 
   54   54    1    1    1    1    1    1    1    1  0.00000E+00 0.00000 
   55   55    1    1    1    1    1    1    1    1  0.00000E+00 0.00000 
   56   56    1    1    1    1    1    1    1    1  3.50369E+13 1.00000 
   57   57    1    1    1    1    1    1    1    1  0.00000E+00 0.00000 
   58   58    1    1    1    1    1    1    1    1  0.00000E+00 0.00000 
   59   59    1    1    1    1    1    1    1    1  3.60561E+13 1.00000 
   60   60    1    1    1    1    1    1    1    1  0.00000E+00 0.00000 
   61   61    1    1    1    1    1    1    1    1  0.00000E+00 0.00000 
   62   62    1    1    1    1    1    1    1    1  3.57410E+13 1.00000 
   63   63    1    1    1    1    1    1    1    1  0.00000E+00 0.00000 
   64   64    1    1    1    1    1    1    1    1  0.00000E+00 0.00000 
   65   65    1    1    1    1    1    1    1    1  7.22739E+13 0.81417 
   66   66    1    1    1    1    1    1    1    1  1.01351E+14 0.85812 
   67   67    1    1    1    1    1    1    1    1  1.53099E+13 1.00000 
   68   68    1    1    1    1    1    1    1    1  4.90253E+13 0.74307 
   69   69    1    1    1    1    1    1    1    1  0.00000E+00 0.00000 
   70   70    1    1    1    1    1    1    1    1  2.89428E+14 0.64246 
   71   71    1    1    1    1    1    1    1    1  9.98778E+13 0.61371 
   72   72    1    1    1    1    1    1    1    1  1.62970E+14 0.68919 
   73   73    1    1    1    1    1    1    1    1  1.27460E+14 0.55231 
   74   74    1    1    1    1    1    1    1    1  3.31337E+13 0.70217 
   75   75    1    1    1    1    1    1    1    1  1.16028E+14 0.40837 
   76   76    1    1    1    1    1    1    1    1  1.83004E+14 0.43748 
   77   77    1    1    1    1    1    1    1    1  2.79686E+14 0.45244 
   78   78    1    1    1    1    1    1    1    1  1.02149E+14 0.55496 
   79   79    1    1    1    1    1    1    1    1  2.37847E+14 0.42017 
   80   80    1    1    1    1    1    1    1    1  1.88205E+14 0.34261 
   81   81    1    1    1    1    1    1    1    1  8.96600E+13 0.59482 
   82   82    1    1    1    1    1    1    1    1  2.36543E+14 0.63966 
   83   83    1    1    1    1    1    1    1    1  1.44535E+14 0.44277 
   84   84    1    1    1    1    1    1    1    1  4.06086E+14 0.33862 
   85   85    1    1    1    1    1    1    1    1  7.86028E+14 0.33347 
   86   86    1    1    1    1    1    1    1    1  5.07118E+14 0.29596 
   87   87    1    1    1    1    1    1    1    1  9.40670E+14 0.30827 
   88   88    1    1    1    1    1    1    1    1  4.00462E+14 0.38334 
   89   89    1    1    1    1    1    1    1    1  5.36080E+14 0.40139 
   90   90    1    1    1    1    1    1    1    1  7.32587E+14 0.49380 
   91   91    1    1    1    1    1    1    1    1  9.17929E+14 0.41230 
   92   92    1    1    1    1    1    1    1    1  6.77534E+14 0.30916 
   93   93    1    1    1    1    1    1    1    1  6.74008E+14 0.24100 
   94   94    1    1    1    1    1    1    1    1  1.09085E+15 0.21248 
   95   95    1    1    1    1    1    1    1    1  1.17731E+15 0.19567 
   96   96    1    1    1    1    1    1    1    1  1.23849E+15 0.14174 
   97   97    1    1    1    1    1    1    1    1  1.97093E+15 0.18022 
   98   98    1    1    1    1    1    1    1    1  1.60340E+15 0.13581 
   99   99    1    1    1    1    1    1    1    1  2.63666E+15 0.10963 
  100  100    1    1    1    1    1    1    1    1  2.08817E+15 0.14090 
  101  101    1    1    1    1    1    1    1    1  2.82861E+15 0.13143 
  102  102    1    1    1    1    1    1    1    1  2.83655E+15 0.14008 
  103  103    1    1    1    1    1    1    1    1  2.74827E+15 0.13592 
  104  104    1    1    1    1    1    1    1    1  3.59128E+15 0.16457 
  105  105    1    1    1    1    1    1    1    1  4.61061E+15 0.08617 
  106  106    1    1    1    1    1    1    1    1  5.06878E+15 0.07482 
  107  107    1    1    1    1    1    1    1    1  5.68155E+15 0.07668 
  108  108    1    1    1    1    1    1    1    1  5.64474E+15 0.06775 
  109  109    1    1    1    1    1    1    1    1  7.07053E+15 0.08972 
