
DETspectrum = [
    1    1    1    1    1    1    1    1    1    1  0.00000E+00 0.00000 
    2    2    1    1    1    1    1    1    1    1  0.00000E+00 0.00000 
    3    3    1    1    1    1    1    1    1    1  0.00000E+00 0.00000 
    4    4    1    1    1    1    1    1    1    1  0.00000E+00 0.00000 
    5    5    1    1    1    1    1    1    1    1  0.00000E+00 0.00000 
    6    6    1    1    1    1    1    1    1    1  0.00000E+00 0.00000 
    7    7    1    1    1    1    1    1    1    1  0.00000E+00 0.00000 
    8    8    1    1    1    1    1    1    1    1  0.00000E+00 0.00000 
    9    9    1    1    1    1    1    1    1    1  0.00000E+00 0.00000 
   10   10    1    1    1    1    1    1    1    1  0.00000E+00 0.00000 
   11   11    1    1    1    1    1    1    1    1  0.00000E+00 0.00000 
   12   12    1    1    1    1    1    1    1    1  0.00000E+00 0.00000 
   13   13    1    1    1    1    1    1    1    1  0.00000E+00 0.00000 
   14   14    1    1    1    1    1    1    1    1  0.00000E+00 0.00000 
   15   15    1    1    1    1    1    1    1    1  0.00000E+00 0.00000 
   16   16    1    1    1    1    1    1    1    1  0.00000E+00 0.00000 
   17   17    1    1    1    1    1    1    1    1  0.00000E+00 0.00000 
   18   18    1    1    1    1    1    1    1    1  0.00000E+00 0.00000 
   19   19    1    1    1    1    1    1    1    1  0.00000E+00 0.00000 
   20   20    1    1    1    1    1    1    1    1  0.00000E+00 0.00000 
   21   21    1    1    1    1    1    1    1    1  0.00000E+00 0.00000 
   22   22    1    1    1    1    1    1    1    1  0.00000E+00 0.00000 
   23   23    1    1    1    1    1    1    1    1  0.00000E+00 0.00000 
   24   24    1    1    1    1    1    1    1    1  0.00000E+00 0.00000 
   25   25    1    1    1    1    1    1    1    1  0.00000E+00 0.00000 
   26   26    1    1    1    1    1    1    1    1  0.00000E+00 0.00000 
   27   27    1    1    1    1    1    1    1    1  0.00000E+00 0.00000 
   28   28    1    1    1    1    1    1    1    1  0.00000E+00 0.00000 
   29   29    1    1    1    1    1    1    1    1  0.00000E+00 0.00000 
   30   30    1    1    1    1    1    1    1    1  0.00000E+00 0.00000 
   31   31    1    1    1    1    1    1    1    1  0.00000E+00 0.00000 
   32   32    1    1    1    1    1    1    1    1  0.00000E+00 0.00000 
   33   33    1    1    1    1    1    1    1    1  0.00000E+00 0.00000 
   34   34    1    1    1    1    1    1    1    1  0.00000E+00 0.00000 
   35   35    1    1    1    1    1    1    1    1  0.00000E+00 0.00000 
   36   36    1    1    1    1    1    1    1    1  0.00000E+00 0.00000 
   37   37    1    1    1    1    1    1    1    1  0.00000E+00 0.00000 
   38   38    1    1    1    1    1    1    1    1  0.00000E+00 0.00000 
   39   39    1    1    1    1    1    1    1    1  3.36482E+13 1.00000 
   40   40    1    1    1    1    1    1    1    1  0.00000E+00 0.00000 
   41   41    1    1    1    1    1    1    1    1  0.00000E+00 0.00000 
   42   42    1    1    1    1    1    1    1    1  0.00000E+00 0.00000 
   43   43    1    1    1    1    1    1    1    1  2.16496E+13 1.00000 
   44   44    1    1    1    1    1    1    1    1  3.47383E+13 0.85916 
   45   45    1    1    1    1    1    1    1    1  0.00000E+00 0.00000 
   46   46    1    1    1    1    1    1    1    1  1.18175E+13 1.00000 
   47   47    1    1    1    1    1    1    1    1  1.21517E+13 1.00000 
   48   48    1    1    1    1    1    1    1    1  0.00000E+00 0.00000 
   49   49    1    1    1    1    1    1    1    1  1.28207E+13 1.00000 
   50   50    1    1    1    1    1    1    1    1  3.06476E+13 1.00000 
   51   51    1    1    1    1    1    1    1    1  0.00000E+00 0.00000 
   52   52    1    1    1    1    1    1    1    1  0.00000E+00 0.00000 
   53   53    1    1    1    1    1    1    1    1  0.00000E+00 0.00000 
   54   54    1    1    1    1    1    1    1    1  3.39732E+13 1.00000 
   55   55    1    1    1    1    1    1    1    1  0.00000E+00 0.00000 
   56   56    1    1    1    1    1    1    1    1  3.46392E+13 1.00000 
   57   57    1    1    1    1    1    1    1    1  3.49807E+13 1.00000 
   58   58    1    1    1    1    1    1    1    1  0.00000E+00 0.00000 
   59   59    1    1    1    1    1    1    1    1  0.00000E+00 0.00000 
   60   60    1    1    1    1    1    1    1    1  1.94870E+14 1.00000 
   61   61    1    1    1    1    1    1    1    1  3.63190E+13 1.00000 
   62   62    1    1    1    1    1    1    1    1  0.00000E+00 0.00000 
   63   63    1    1    1    1    1    1    1    1  2.14005E+14 0.73745 
   64   64    1    1    1    1    1    1    1    1  3.73175E+13 1.00000 
   65   65    1    1    1    1    1    1    1    1  0.00000E+00 0.00000 
   66   66    1    1    1    1    1    1    1    1  9.83592E+13 0.85571 
   67   67    1    1    1    1    1    1    1    1  2.20032E+14 0.72786 
   68   68    1    1    1    1    1    1    1    1  1.16536E+14 0.75294 
   69   69    1    1    1    1    1    1    1    1  1.76891E+14 0.71457 
   70   70    1    1    1    1    1    1    1    1  1.73376E+13 1.00000 
   71   71    1    1    1    1    1    1    1    1  3.46997E+13 0.78827 
   72   72    1    1    1    1    1    1    1    1  1.81234E+13 0.70448 
   73   73    1    1    1    1    1    1    1    1  1.84361E+13 0.70420 
   74   74    1    1    1    1    1    1    1    1  2.74544E+13 0.59808 
   75   75    1    1    1    1    1    1    1    1  2.29507E+13 0.60358 
   76   76    1    1    1    1    1    1    1    1  7.45288E+13 0.71577 
   77   77    1    1    1    1    1    1    1    1  6.11263E+13 0.57168 
   78   78    1    1    1    1    1    1    1    1  8.79965E+13 0.49846 
   79   79    1    1    1    1    1    1    1    1  1.11557E+14 0.53742 
   80   80    1    1    1    1    1    1    1    1  1.82571E+14 0.43430 
   81   81    1    1    1    1    1    1    1    1  1.65929E+14 0.55551 
   82   82    1    1    1    1    1    1    1    1  8.82516E+13 0.48887 
   83   83    1    1    1    1    1    1    1    1  1.67378E+14 0.59383 
   84   84    1    1    1    1    1    1    1    1  3.26049E+14 0.36857 
   85   85    1    1    1    1    1    1    1    1  2.29493E+14 0.47974 
   86   86    1    1    1    1    1    1    1    1  3.84334E+14 0.42667 
   87   87    1    1    1    1    1    1    1    1  1.75002E+14 0.52616 
   88   88    1    1    1    1    1    1    1    1  1.73387E+14 0.48840 
   89   89    1    1    1    1    1    1    1    1  4.17463E+14 0.39694 
   90   90    1    1    1    1    1    1    1    1  1.51467E+15 0.52803 
   91   91    1    1    1    1    1    1    1    1  3.36314E+14 0.51008 
   92   92    1    1    1    1    1    1    1    1  2.93343E+14 0.41128 
   93   93    1    1    1    1    1    1    1    1  3.38907E+14 0.28475 
   94   94    1    1    1    1    1    1    1    1  4.53918E+14 0.31625 
   95   95    1    1    1    1    1    1    1    1  5.01265E+14 0.26457 
   96   96    1    1    1    1    1    1    1    1  6.69696E+14 0.17000 
   97   97    1    1    1    1    1    1    1    1  1.19436E+15 0.26528 
   98   98    1    1    1    1    1    1    1    1  1.17129E+15 0.14534 
   99   99    1    1    1    1    1    1    1    1  1.38519E+15 0.13979 
  100  100    1    1    1    1    1    1    1    1  1.17664E+15 0.20945 
  101  101    1    1    1    1    1    1    1    1  1.51880E+15 0.18255 
  102  102    1    1    1    1    1    1    1    1  1.75434E+15 0.17649 
  103  103    1    1    1    1    1    1    1    1  1.93958E+15 0.14398 
  104  104    1    1    1    1    1    1    1    1  1.66955E+15 0.22745 
  105  105    1    1    1    1    1    1    1    1  2.64112E+15 0.10303 
  106  106    1    1    1    1    1    1    1    1  2.85925E+15 0.10237 
  107  107    1    1    1    1    1    1    1    1  3.52569E+15 0.08718 
  108  108    1    1    1    1    1    1    1    1  4.19351E+15 0.06681 
  109  109    1    1    1    1    1    1    1    1  6.05340E+15 0.10767 
