
DETspectrum = [
    1    1    1    1    1    1    1    1    1    1  0.00000E+00 0.00000 
    2    2    1    1    1    1    1    1    1    1  0.00000E+00 0.00000 
    3    3    1    1    1    1    1    1    1    1  0.00000E+00 0.00000 
    4    4    1    1    1    1    1    1    1    1  0.00000E+00 0.00000 
    5    5    1    1    1    1    1    1    1    1  0.00000E+00 0.00000 
    6    6    1    1    1    1    1    1    1    1  0.00000E+00 0.00000 
    7    7    1    1    1    1    1    1    1    1  0.00000E+00 0.00000 
    8    8    1    1    1    1    1    1    1    1  0.00000E+00 0.00000 
    9    9    1    1    1    1    1    1    1    1  0.00000E+00 0.00000 
   10   10    1    1    1    1    1    1    1    1  0.00000E+00 0.00000 
   11   11    1    1    1    1    1    1    1    1  0.00000E+00 0.00000 
   12   12    1    1    1    1    1    1    1    1  0.00000E+00 0.00000 
   13   13    1    1    1    1    1    1    1    1  0.00000E+00 0.00000 
   14   14    1    1    1    1    1    1    1    1  0.00000E+00 0.00000 
   15   15    1    1    1    1    1    1    1    1  0.00000E+00 0.00000 
   16   16    1    1    1    1    1    1    1    1  0.00000E+00 0.00000 
   17   17    1    1    1    1    1    1    1    1  0.00000E+00 0.00000 
   18   18    1    1    1    1    1    1    1    1  0.00000E+00 0.00000 
   19   19    1    1    1    1    1    1    1    1  0.00000E+00 0.00000 
   20   20    1    1    1    1    1    1    1    1  0.00000E+00 0.00000 
   21   21    1    1    1    1    1    1    1    1  0.00000E+00 0.00000 
   22   22    1    1    1    1    1    1    1    1  0.00000E+00 0.00000 
   23   23    1    1    1    1    1    1    1    1  0.00000E+00 0.00000 
   24   24    1    1    1    1    1    1    1    1  0.00000E+00 0.00000 
   25   25    1    1    1    1    1    1    1    1  0.00000E+00 0.00000 
   26   26    1    1    1    1    1    1    1    1  7.84797E+12 1.00000 
   27   27    1    1    1    1    1    1    1    1  0.00000E+00 0.00000 
   28   28    1    1    1    1    1    1    1    1  6.30142E+13 1.00000 
   29   29    1    1    1    1    1    1    1    1  1.74065E+13 1.00000 
   30   30    1    1    1    1    1    1    1    1  0.00000E+00 0.00000 
   31   31    1    1    1    1    1    1    1    1  4.61154E+13 1.00000 
   32   32    1    1    1    1    1    1    1    1  6.57346E+13 0.93685 
   33   33    1    1    1    1    1    1    1    1  3.14909E+13 1.00000 
   34   34    1    1    1    1    1    1    1    1  0.00000E+00 0.00000 
   35   35    1    1    1    1    1    1    1    1  4.57470E+13 0.78975 
   36   36    1    1    1    1    1    1    1    1  0.00000E+00 0.00000 
   37   37    1    1    1    1    1    1    1    1  3.24422E+12 1.00000 
   38   38    1    1    1    1    1    1    1    1  1.23058E+14 0.70679 
   39   39    1    1    1    1    1    1    1    1  1.44058E+14 0.94809 
   40   40    1    1    1    1    1    1    1    1  3.19005E+13 0.78712 
   41   41    1    1    1    1    1    1    1    1  1.07510E+14 0.69049 
   42   42    1    1    1    1    1    1    1    1  6.81706E+13 0.59556 
   43   43    1    1    1    1    1    1    1    1  5.76031E+13 0.48055 
   44   44    1    1    1    1    1    1    1    1  6.19608E+13 0.64386 
   45   45    1    1    1    1    1    1    1    1  9.32748E+13 0.50454 
   46   46    1    1    1    1    1    1    1    1  4.63630E+13 0.79166 
   47   47    1    1    1    1    1    1    1    1  1.13102E+14 0.62639 
   48   48    1    1    1    1    1    1    1    1  1.23237E+13 1.00000 
   49   49    1    1    1    1    1    1    1    1  1.03783E+14 0.63957 
   50   50    1    1    1    1    1    1    1    1  1.26045E+14 0.49375 
   51   51    1    1    1    1    1    1    1    1  9.61112E+13 0.57280 
   52   52    1    1    1    1    1    1    1    1  5.65340E+14 0.57299 
   53   53    1    1    1    1    1    1    1    1  3.01498E+14 0.55784 
   54   54    1    1    1    1    1    1    1    1  3.30733E+14 0.63985 
   55   55    1    1    1    1    1    1    1    1  3.21705E+13 1.00000 
   56   56    1    1    1    1    1    1    1    1  1.41531E+14 1.00000 
   57   57    1    1    1    1    1    1    1    1  2.35154E+14 0.86760 
   58   58    1    1    1    1    1    1    1    1  2.38141E+14 0.64749 
   59   59    1    1    1    1    1    1    1    1  2.39476E+14 0.86754 
   60   60    1    1    1    1    1    1    1    1  1.82238E+14 0.83051 
   61   61    1    1    1    1    1    1    1    1  2.17861E+14 0.74878 
   62   62    1    1    1    1    1    1    1    1  2.65561E+14 0.75427 
   63   63    1    1    1    1    1    1    1    1  0.00000E+00 0.00000 
   64   64    1    1    1    1    1    1    1    1  2.50184E+14 0.86728 
   65   65    1    1    1    1    1    1    1    1  1.53770E+14 0.60572 
   66   66    1    1    1    1    1    1    1    1  2.07897E+14 0.59400 
   67   67    1    1    1    1    1    1    1    1  2.81396E+14 0.51077 
   68   68    1    1    1    1    1    1    1    1  3.20146E+13 0.70415 
   69   69    1    1    1    1    1    1    1    1  1.02728E+14 0.57416 
   70   70    1    1    1    1    1    1    1    1  2.52979E+13 0.73960 
   71   71    1    1    1    1    1    1    1    1  1.54538E+14 0.48669 
   72   72    1    1    1    1    1    1    1    1  5.42654E+13 0.46779 
   73   73    1    1    1    1    1    1    1    1  1.98332E+14 0.45262 
   74   74    1    1    1    1    1    1    1    1  3.69723E+14 0.49022 
   75   75    1    1    1    1    1    1    1    1  3.27223E+14 0.41573 
   76   76    1    1    1    1    1    1    1    1  4.21915E+14 0.29281 
   77   77    1    1    1    1    1    1    1    1  4.53277E+14 0.33596 
   78   78    1    1    1    1    1    1    1    1  4.76043E+14 0.42558 
   79   79    1    1    1    1    1    1    1    1  4.68158E+14 0.50139 
   80   80    1    1    1    1    1    1    1    1  5.85358E+14 0.28378 
   81   81    1    1    1    1    1    1    1    1  5.53211E+14 0.29390 
   82   82    1    1    1    1    1    1    1    1  4.21598E+14 0.31207 
   83   83    1    1    1    1    1    1    1    1  2.24813E+14 0.40502 
   84   84    1    1    1    1    1    1    1    1  6.09561E+14 0.35108 
   85   85    1    1    1    1    1    1    1    1  1.07433E+15 0.29053 
   86   86    1    1    1    1    1    1    1    1  6.12989E+14 0.32556 
   87   87    1    1    1    1    1    1    1    1  9.84960E+14 0.30962 
   88   88    1    1    1    1    1    1    1    1  1.30367E+15 0.28830 
   89   89    1    1    1    1    1    1    1    1  1.06837E+15 0.25893 
   90   90    1    1    1    1    1    1    1    1  1.39290E+15 0.44007 
   91   91    1    1    1    1    1    1    1    1  9.83015E+14 0.30505 
   92   92    1    1    1    1    1    1    1    1  7.77064E+14 0.32330 
   93   93    1    1    1    1    1    1    1    1  8.68152E+14 0.19672 
   94   94    1    1    1    1    1    1    1    1  9.06305E+14 0.22508 
   95   95    1    1    1    1    1    1    1    1  1.15650E+15 0.21021 
   96   96    1    1    1    1    1    1    1    1  1.58484E+15 0.12210 
   97   97    1    1    1    1    1    1    1    1  2.14434E+15 0.14954 
   98   98    1    1    1    1    1    1    1    1  2.20859E+15 0.12743 
   99   99    1    1    1    1    1    1    1    1  2.73266E+15 0.10577 
  100  100    1    1    1    1    1    1    1    1  2.93162E+15 0.14533 
  101  101    1    1    1    1    1    1    1    1  3.28863E+15 0.16039 
  102  102    1    1    1    1    1    1    1    1  2.75245E+15 0.15450 
  103  103    1    1    1    1    1    1    1    1  2.72859E+15 0.14020 
  104  104    1    1    1    1    1    1    1    1  3.74776E+15 0.14165 
  105  105    1    1    1    1    1    1    1    1  4.35529E+15 0.08420 
  106  106    1    1    1    1    1    1    1    1  5.37158E+15 0.07291 
  107  107    1    1    1    1    1    1    1    1  5.54398E+15 0.07791 
  108  108    1    1    1    1    1    1    1    1  6.28140E+15 0.06003 
  109  109    1    1    1    1    1    1    1    1  7.86978E+15 0.08730 
