
DETspectrum = [
    1    1    1    1    1    1    1    1    1    1  0.00000E+00 0.00000 
    2    2    1    1    1    1    1    1    1    1  0.00000E+00 0.00000 
    3    3    1    1    1    1    1    1    1    1  0.00000E+00 0.00000 
    4    4    1    1    1    1    1    1    1    1  0.00000E+00 0.00000 
    5    5    1    1    1    1    1    1    1    1  0.00000E+00 0.00000 
    6    6    1    1    1    1    1    1    1    1  0.00000E+00 0.00000 
    7    7    1    1    1    1    1    1    1    1  0.00000E+00 0.00000 
    8    8    1    1    1    1    1    1    1    1  0.00000E+00 0.00000 
    9    9    1    1    1    1    1    1    1    1  0.00000E+00 0.00000 
   10   10    1    1    1    1    1    1    1    1  0.00000E+00 0.00000 
   11   11    1    1    1    1    1    1    1    1  0.00000E+00 0.00000 
   12   12    1    1    1    1    1    1    1    1  0.00000E+00 0.00000 
   13   13    1    1    1    1    1    1    1    1  0.00000E+00 0.00000 
   14   14    1    1    1    1    1    1    1    1  0.00000E+00 0.00000 
   15   15    1    1    1    1    1    1    1    1  0.00000E+00 0.00000 
   16   16    1    1    1    1    1    1    1    1  0.00000E+00 0.00000 
   17   17    1    1    1    1    1    1    1    1  0.00000E+00 0.00000 
   18   18    1    1    1    1    1    1    1    1  0.00000E+00 0.00000 
   19   19    1    1    1    1    1    1    1    1  0.00000E+00 0.00000 
   20   20    1    1    1    1    1    1    1    1  0.00000E+00 0.00000 
   21   21    1    1    1    1    1    1    1    1  0.00000E+00 0.00000 
   22   22    1    1    1    1    1    1    1    1  0.00000E+00 0.00000 
   23   23    1    1    1    1    1    1    1    1  0.00000E+00 0.00000 
   24   24    1    1    1    1    1    1    1    1  0.00000E+00 0.00000 
   25   25    1    1    1    1    1    1    1    1  0.00000E+00 0.00000 
   26   26    1    1    1    1    1    1    1    1  0.00000E+00 0.00000 
   27   27    1    1    1    1    1    1    1    1  0.00000E+00 0.00000 
   28   28    1    1    1    1    1    1    1    1  2.24096E+13 1.00000 
   29   29    1    1    1    1    1    1    1    1  0.00000E+00 0.00000 
   30   30    1    1    1    1    1    1    1    1  0.00000E+00 0.00000 
   31   31    1    1    1    1    1    1    1    1  0.00000E+00 0.00000 
   32   32    1    1    1    1    1    1    1    1  3.42468E+13 1.00000 
   33   33    1    1    1    1    1    1    1    1  0.00000E+00 0.00000 
   34   34    1    1    1    1    1    1    1    1  0.00000E+00 0.00000 
   35   35    1    1    1    1    1    1    1    1  0.00000E+00 0.00000 
   36   36    1    1    1    1    1    1    1    1  0.00000E+00 0.00000 
   37   37    1    1    1    1    1    1    1    1  6.40890E+12 1.00000 
   38   38    1    1    1    1    1    1    1    1  1.05619E+13 1.00000 
   39   39    1    1    1    1    1    1    1    1  6.02590E+13 1.00000 
   40   40    1    1    1    1    1    1    1    1  2.35532E+13 1.00000 
   41   41    1    1    1    1    1    1    1    1  2.91334E+13 1.00000 
   42   42    1    1    1    1    1    1    1    1  1.34467E+13 1.00000 
   43   43    1    1    1    1    1    1    1    1  0.00000E+00 0.00000 
   44   44    1    1    1    1    1    1    1    1  0.00000E+00 0.00000 
   45   45    1    1    1    1    1    1    1    1  0.00000E+00 0.00000 
   46   46    1    1    1    1    1    1    1    1  0.00000E+00 0.00000 
   47   47    1    1    1    1    1    1    1    1  0.00000E+00 0.00000 
   48   48    1    1    1    1    1    1    1    1  0.00000E+00 0.00000 
   49   49    1    1    1    1    1    1    1    1  0.00000E+00 0.00000 
   50   50    1    1    1    1    1    1    1    1  0.00000E+00 0.00000 
   51   51    1    1    1    1    1    1    1    1  0.00000E+00 0.00000 
   52   52    1    1    1    1    1    1    1    1  0.00000E+00 0.00000 
   53   53    1    1    1    1    1    1    1    1  0.00000E+00 0.00000 
   54   54    1    1    1    1    1    1    1    1  0.00000E+00 0.00000 
   55   55    1    1    1    1    1    1    1    1  0.00000E+00 0.00000 
   56   56    1    1    1    1    1    1    1    1  3.33495E+13 1.00000 
   57   57    1    1    1    1    1    1    1    1  0.00000E+00 0.00000 
   58   58    1    1    1    1    1    1    1    1  0.00000E+00 0.00000 
   59   59    1    1    1    1    1    1    1    1  0.00000E+00 0.00000 
   60   60    1    1    1    1    1    1    1    1  0.00000E+00 0.00000 
   61   61    1    1    1    1    1    1    1    1  0.00000E+00 0.00000 
   62   62    1    1    1    1    1    1    1    1  0.00000E+00 0.00000 
   63   63    1    1    1    1    1    1    1    1  0.00000E+00 0.00000 
   64   64    1    1    1    1    1    1    1    1  0.00000E+00 0.00000 
   65   65    1    1    1    1    1    1    1    1  0.00000E+00 0.00000 
   66   66    1    1    1    1    1    1    1    1  0.00000E+00 0.00000 
   67   67    1    1    1    1    1    1    1    1  1.52416E+13 1.00000 
   68   68    1    1    1    1    1    1    1    1  3.11661E+13 0.70413 
   69   69    1    1    1    1    1    1    1    1  0.00000E+00 0.00000 
   70   70    1    1    1    1    1    1    1    1  1.70181E+13 0.70424 
   71   71    1    1    1    1    1    1    1    1  8.64657E+13 0.57477 
   72   72    1    1    1    1    1    1    1    1  2.09622E+14 0.53711 
   73   73    1    1    1    1    1    1    1    1  1.44254E+14 0.70551 
   74   74    1    1    1    1    1    1    1    1  8.49017E+13 0.48596 
   75   75    1    1    1    1    1    1    1    1  1.06073E+14 0.53127 
   76   76    1    1    1    1    1    1    1    1  8.54802E+13 0.46401 
   77   77    1    1    1    1    1    1    1    1  1.43280E+14 0.48411 
   78   78    1    1    1    1    1    1    1    1  1.15933E+14 0.45964 
   79   79    1    1    1    1    1    1    1    1  1.02903E+14 0.57308 
   80   80    1    1    1    1    1    1    1    1  1.36183E+14 0.41484 
   81   81    1    1    1    1    1    1    1    1  2.55355E+14 0.56574 
   82   82    1    1    1    1    1    1    1    1  2.46679E+14 0.42202 
   83   83    1    1    1    1    1    1    1    1  1.86748E+14 0.37955 
   84   84    1    1    1    1    1    1    1    1  7.64306E+14 0.27325 
   85   85    1    1    1    1    1    1    1    1  3.60794E+14 0.44771 
   86   86    1    1    1    1    1    1    1    1  2.44450E+14 0.40002 
   87   87    1    1    1    1    1    1    1    1  6.48042E+14 0.36377 
   88   88    1    1    1    1    1    1    1    1  6.19440E+14 0.41967 
   89   89    1    1    1    1    1    1    1    1  8.12620E+14 0.47567 
   90   90    1    1    1    1    1    1    1    1  1.13971E+15 0.36806 
   91   91    1    1    1    1    1    1    1    1  1.13663E+15 0.41453 
   92   92    1    1    1    1    1    1    1    1  3.04627E+14 0.48737 
   93   93    1    1    1    1    1    1    1    1  4.31447E+14 0.25552 
   94   94    1    1    1    1    1    1    1    1  7.86011E+14 0.26771 
   95   95    1    1    1    1    1    1    1    1  7.66519E+14 0.23566 
   96   96    1    1    1    1    1    1    1    1  1.10565E+15 0.15294 
   97   97    1    1    1    1    1    1    1    1  1.20576E+15 0.15887 
   98   98    1    1    1    1    1    1    1    1  1.56005E+15 0.12856 
   99   99    1    1    1    1    1    1    1    1  1.64087E+15 0.11991 
  100  100    1    1    1    1    1    1    1    1  1.61112E+15 0.15131 
  101  101    1    1    1    1    1    1    1    1  2.22641E+15 0.17954 
  102  102    1    1    1    1    1    1    1    1  1.64374E+15 0.16421 
  103  103    1    1    1    1    1    1    1    1  1.64737E+15 0.13615 
  104  104    1    1    1    1    1    1    1    1  2.73923E+15 0.17558 
  105  105    1    1    1    1    1    1    1    1  2.89075E+15 0.09086 
  106  106    1    1    1    1    1    1    1    1  4.25319E+15 0.08678 
  107  107    1    1    1    1    1    1    1    1  4.81217E+15 0.07957 
  108  108    1    1    1    1    1    1    1    1  4.87607E+15 0.06629 
  109  109    1    1    1    1    1    1    1    1  7.17656E+15 0.10082 
