
DETspectrum = [
    1    1    1    1    1    1    1    1    1    1  0.00000E+00 0.00000 
    2    2    1    1    1    1    1    1    1    1  0.00000E+00 0.00000 
    3    3    1    1    1    1    1    1    1    1  0.00000E+00 0.00000 
    4    4    1    1    1    1    1    1    1    1  0.00000E+00 0.00000 
    5    5    1    1    1    1    1    1    1    1  0.00000E+00 0.00000 
    6    6    1    1    1    1    1    1    1    1  0.00000E+00 0.00000 
    7    7    1    1    1    1    1    1    1    1  0.00000E+00 0.00000 
    8    8    1    1    1    1    1    1    1    1  0.00000E+00 0.00000 
    9    9    1    1    1    1    1    1    1    1  0.00000E+00 0.00000 
   10   10    1    1    1    1    1    1    1    1  0.00000E+00 0.00000 
   11   11    1    1    1    1    1    1    1    1  0.00000E+00 0.00000 
   12   12    1    1    1    1    1    1    1    1  0.00000E+00 0.00000 
   13   13    1    1    1    1    1    1    1    1  0.00000E+00 0.00000 
   14   14    1    1    1    1    1    1    1    1  0.00000E+00 0.00000 
   15   15    1    1    1    1    1    1    1    1  0.00000E+00 0.00000 
   16   16    1    1    1    1    1    1    1    1  0.00000E+00 0.00000 
   17   17    1    1    1    1    1    1    1    1  0.00000E+00 0.00000 
   18   18    1    1    1    1    1    1    1    1  0.00000E+00 0.00000 
   19   19    1    1    1    1    1    1    1    1  0.00000E+00 0.00000 
   20   20    1    1    1    1    1    1    1    1  0.00000E+00 0.00000 
   21   21    1    1    1    1    1    1    1    1  0.00000E+00 0.00000 
   22   22    1    1    1    1    1    1    1    1  0.00000E+00 0.00000 
   23   23    1    1    1    1    1    1    1    1  0.00000E+00 0.00000 
   24   24    1    1    1    1    1    1    1    1  1.53139E+13 1.00000 
   25   25    1    1    1    1    1    1    1    1  1.13875E+13 1.00000 
   26   26    1    1    1    1    1    1    1    1  1.53173E+13 0.87281 
   27   27    1    1    1    1    1    1    1    1  0.00000E+00 0.00000 
   28   28    1    1    1    1    1    1    1    1  8.11841E+12 1.00000 
   29   29    1    1    1    1    1    1    1    1  2.48589E+13 0.79362 
   30   30    1    1    1    1    1    1    1    1  2.43295E+13 0.87344 
   31   31    1    1    1    1    1    1    1    1  1.62290E+14 0.65319 
   32   32    1    1    1    1    1    1    1    1  4.67656E+13 1.00000 
   33   33    1    1    1    1    1    1    1    1  2.51686E+13 1.00000 
   34   34    1    1    1    1    1    1    1    1  1.06992E+14 0.56834 
   35   35    1    1    1    1    1    1    1    1  8.23511E+13 0.41549 
   36   36    1    1    1    1    1    1    1    1  7.95082E+13 0.43300 
   37   37    1    1    1    1    1    1    1    1  9.60488E+13 0.47888 
   38   38    1    1    1    1    1    1    1    1  1.96682E+14 0.46127 
   39   39    1    1    1    1    1    1    1    1  1.17448E+14 0.55594 
   40   40    1    1    1    1    1    1    1    1  1.97400E+14 0.45720 
   41   41    1    1    1    1    1    1    1    1  8.64949E+13 0.47933 
   42   42    1    1    1    1    1    1    1    1  8.21328E+13 0.70470 
   43   43    1    1    1    1    1    1    1    1  2.80707E+14 0.48688 
   44   44    1    1    1    1    1    1    1    1  1.28031E+14 0.75827 
   45   45    1    1    1    1    1    1    1    1  2.45202E+14 0.54891 
   46   46    1    1    1    1    1    1    1    1  2.79037E+14 0.67744 
   47   47    1    1    1    1    1    1    1    1  4.93948E+14 0.75701 
   48   48    1    1    1    1    1    1    1    1  3.91611E+14 0.49049 
   49   49    1    1    1    1    1    1    1    1  3.29128E+14 0.55975 
   50   50    1    1    1    1    1    1    1    1  3.07676E+13 1.00000 
   51   51    1    1    1    1    1    1    1    1  6.97077E+14 0.83012 
   52   52    1    1    1    1    1    1    1    1  2.22820E+14 0.87254 
   53   53    1    1    1    1    1    1    1    1  1.94149E+14 1.00000 
   54   54    1    1    1    1    1    1    1    1  9.53244E+13 0.57257 
   55   55    1    1    1    1    1    1    1    1  3.31185E+13 1.00000 
   56   56    1    1    1    1    1    1    1    1  6.44054E+13 0.70413 
   57   57    1    1    1    1    1    1    1    1  0.00000E+00 0.00000 
   58   58    1    1    1    1    1    1    1    1  2.95707E+14 0.78830 
   59   59    1    1    1    1    1    1    1    1  6.66674E+13 0.70415 
   60   60    1    1    1    1    1    1    1    1  0.00000E+00 0.00000 
   61   61    1    1    1    1    1    1    1    1  1.71589E+14 0.52126 
   62   62    1    1    1    1    1    1    1    1  2.72786E+14 0.76513 
   63   63    1    1    1    1    1    1    1    1  4.39094E+14 0.65268 
   64   64    1    1    1    1    1    1    1    1  3.60237E+13 1.00000 
   65   65    1    1    1    1    1    1    1    1  3.78056E+14 0.53893 
   66   66    1    1    1    1    1    1    1    1  1.60979E+14 0.65926 
   67   67    1    1    1    1    1    1    1    1  3.83219E+14 0.72770 
   68   68    1    1    1    1    1    1    1    1  2.50381E+14 0.51387 
   69   69    1    1    1    1    1    1    1    1  3.91301E+14 0.48996 
   70   70    1    1    1    1    1    1    1    1  1.66765E+14 0.43051 
   71   71    1    1    1    1    1    1    1    1  2.39721E+14 0.43450 
   72   72    1    1    1    1    1    1    1    1  6.94045E+14 0.33462 
   73   73    1    1    1    1    1    1    1    1  1.25402E+14 0.56887 
   74   74    1    1    1    1    1    1    1    1  3.19778E+14 0.39101 
   75   75    1    1    1    1    1    1    1    1  4.40615E+14 0.33631 
   76   76    1    1    1    1    1    1    1    1  5.02825E+14 0.35769 
   77   77    1    1    1    1    1    1    1    1  4.66925E+14 0.29887 
   78   78    1    1    1    1    1    1    1    1  5.05503E+14 0.31164 
   79   79    1    1    1    1    1    1    1    1  4.60335E+14 0.32501 
   80   80    1    1    1    1    1    1    1    1  5.63367E+14 0.27515 
   81   81    1    1    1    1    1    1    1    1  1.01590E+15 0.23959 
   82   82    1    1    1    1    1    1    1    1  5.07252E+14 0.25697 
   83   83    1    1    1    1    1    1    1    1  7.55104E+14 0.28156 
   84   84    1    1    1    1    1    1    1    1  6.19446E+14 0.29313 
   85   85    1    1    1    1    1    1    1    1  8.68131E+14 0.25573 
   86   86    1    1    1    1    1    1    1    1  1.07894E+15 0.28134 
   87   87    1    1    1    1    1    1    1    1  1.12384E+15 0.25194 
   88   88    1    1    1    1    1    1    1    1  8.92570E+14 0.29109 
   89   89    1    1    1    1    1    1    1    1  1.22495E+15 0.23453 
   90   90    1    1    1    1    1    1    1    1  2.20322E+15 0.30938 
   91   91    1    1    1    1    1    1    1    1  1.55959E+15 0.29930 
   92   92    1    1    1    1    1    1    1    1  1.38325E+15 0.24036 
   93   93    1    1    1    1    1    1    1    1  1.08582E+15 0.16401 
   94   94    1    1    1    1    1    1    1    1  1.10192E+15 0.19006 
   95   95    1    1    1    1    1    1    1    1  1.73784E+15 0.18552 
   96   96    1    1    1    1    1    1    1    1  2.35053E+15 0.11139 
   97   97    1    1    1    1    1    1    1    1  2.19544E+15 0.14384 
   98   98    1    1    1    1    1    1    1    1  3.15064E+15 0.11310 
   99   99    1    1    1    1    1    1    1    1  3.21358E+15 0.10392 
  100  100    1    1    1    1    1    1    1    1  3.95114E+15 0.13184 
  101  101    1    1    1    1    1    1    1    1  2.76976E+15 0.14648 
  102  102    1    1    1    1    1    1    1    1  3.65570E+15 0.12357 
  103  103    1    1    1    1    1    1    1    1  3.24471E+15 0.14595 
  104  104    1    1    1    1    1    1    1    1  4.00053E+15 0.13912 
  105  105    1    1    1    1    1    1    1    1  5.13468E+15 0.06776 
  106  106    1    1    1    1    1    1    1    1  6.45544E+15 0.07107 
  107  107    1    1    1    1    1    1    1    1  5.82713E+15 0.07494 
  108  108    1    1    1    1    1    1    1    1  7.61168E+15 0.05811 
  109  109    1    1    1    1    1    1    1    1  9.06236E+15 0.09953 
