
DETspectrum = [
    1    1    1    1    1    1    1    1    1    1  0.00000E+00 0.00000 
    2    2    1    1    1    1    1    1    1    1  0.00000E+00 0.00000 
    3    3    1    1    1    1    1    1    1    1  0.00000E+00 0.00000 
    4    4    1    1    1    1    1    1    1    1  0.00000E+00 0.00000 
    5    5    1    1    1    1    1    1    1    1  0.00000E+00 0.00000 
    6    6    1    1    1    1    1    1    1    1  0.00000E+00 0.00000 
    7    7    1    1    1    1    1    1    1    1  0.00000E+00 0.00000 
    8    8    1    1    1    1    1    1    1    1  0.00000E+00 0.00000 
    9    9    1    1    1    1    1    1    1    1  0.00000E+00 0.00000 
   10   10    1    1    1    1    1    1    1    1  0.00000E+00 0.00000 
   11   11    1    1    1    1    1    1    1    1  0.00000E+00 0.00000 
   12   12    1    1    1    1    1    1    1    1  0.00000E+00 0.00000 
   13   13    1    1    1    1    1    1    1    1  0.00000E+00 0.00000 
   14   14    1    1    1    1    1    1    1    1  0.00000E+00 0.00000 
   15   15    1    1    1    1    1    1    1    1  0.00000E+00 0.00000 
   16   16    1    1    1    1    1    1    1    1  0.00000E+00 0.00000 
   17   17    1    1    1    1    1    1    1    1  6.11153E+12 1.00000 
   18   18    1    1    1    1    1    1    1    1  0.00000E+00 0.00000 
   19   19    1    1    1    1    1    1    1    1  0.00000E+00 0.00000 
   20   20    1    1    1    1    1    1    1    1  0.00000E+00 0.00000 
   21   21    1    1    1    1    1    1    1    1  0.00000E+00 0.00000 
   22   22    1    1    1    1    1    1    1    1  0.00000E+00 0.00000 
   23   23    1    1    1    1    1    1    1    1  0.00000E+00 0.00000 
   24   24    1    1    1    1    1    1    1    1  0.00000E+00 0.00000 
   25   25    1    1    1    1    1    1    1    1  0.00000E+00 0.00000 
   26   26    1    1    1    1    1    1    1    1  0.00000E+00 0.00000 
   27   27    1    1    1    1    1    1    1    1  0.00000E+00 0.00000 
   28   28    1    1    1    1    1    1    1    1  0.00000E+00 0.00000 
   29   29    1    1    1    1    1    1    1    1  0.00000E+00 0.00000 
   30   30    1    1    1    1    1    1    1    1  0.00000E+00 0.00000 
   31   31    1    1    1    1    1    1    1    1  0.00000E+00 0.00000 
   32   32    1    1    1    1    1    1    1    1  2.55168E+13 0.75767 
   33   33    1    1    1    1    1    1    1    1  0.00000E+00 0.00000 
   34   34    1    1    1    1    1    1    1    1  0.00000E+00 0.00000 
   35   35    1    1    1    1    1    1    1    1  8.92153E+13 0.71796 
   36   36    1    1    1    1    1    1    1    1  1.02326E+14 0.80275 
   37   37    1    1    1    1    1    1    1    1  8.49947E+13 0.65134 
   38   38    1    1    1    1    1    1    1    1  1.65021E+14 0.84219 
   39   39    1    1    1    1    1    1    1    1  9.40458E+13 0.92262 
   40   40    1    1    1    1    1    1    1    1  5.30581E+13 1.00000 
   41   41    1    1    1    1    1    1    1    1  3.29746E+13 0.79406 
   42   42    1    1    1    1    1    1    1    1  5.26886E+13 0.70430 
   43   43    1    1    1    1    1    1    1    1  9.39997E+12 0.70434 
   44   44    1    1    1    1    1    1    1    1  2.54196E+13 0.66329 
   45   45    1    1    1    1    1    1    1    1  7.58751E+13 0.86707 
   46   46    1    1    1    1    1    1    1    1  0.00000E+00 0.00000 
   47   47    1    1    1    1    1    1    1    1  8.13488E+13 0.86682 
   48   48    1    1    1    1    1    1    1    1  2.29746E+13 1.00000 
   49   49    1    1    1    1    1    1    1    1  0.00000E+00 0.00000 
   50   50    1    1    1    1    1    1    1    1  2.16483E+14 0.87126 
   51   51    1    1    1    1    1    1    1    1  9.66999E+13 0.74491 
   52   52    1    1    1    1    1    1    1    1  3.21149E+13 1.00000 
   53   53    1    1    1    1    1    1    1    1  0.00000E+00 0.00000 
   54   54    1    1    1    1    1    1    1    1  3.73591E+14 0.70459 
   55   55    1    1    1    1    1    1    1    1  6.53238E+13 0.70454 
   56   56    1    1    1    1    1    1    1    1  3.40871E+13 1.00000 
   57   57    1    1    1    1    1    1    1    1  2.24909E+14 0.85942 
   58   58    1    1    1    1    1    1    1    1  1.02850E+14 0.74083 
   59   59    1    1    1    1    1    1    1    1  6.94489E+13 0.70417 
   60   60    1    1    1    1    1    1    1    1  0.00000E+00 0.00000 
   61   61    1    1    1    1    1    1    1    1  2.27539E+14 0.85871 
   62   62    1    1    1    1    1    1    1    1  1.05117E+14 0.57271 
   63   63    1    1    1    1    1    1    1    1  0.00000E+00 0.00000 
   64   64    1    1    1    1    1    1    1    1  3.43293E+13 1.00000 
   65   65    1    1    1    1    1    1    1    1  1.14931E+14 0.63451 
   66   66    1    1    1    1    1    1    1    1  2.87399E+14 0.54761 
   67   67    1    1    1    1    1    1    1    1  2.82293E+14 0.51852 
   68   68    1    1    1    1    1    1    1    1  7.50943E+13 0.81741 
   69   69    1    1    1    1    1    1    1    1  3.10362E+13 0.78290 
   70   70    1    1    1    1    1    1    1    1  1.62258E+14 0.44723 
   71   71    1    1    1    1    1    1    1    1  5.08207E+13 0.52030 
   72   72    1    1    1    1    1    1    1    1  1.54643E+14 0.63356 
   73   73    1    1    1    1    1    1    1    1  1.79242E+14 0.47237 
   74   74    1    1    1    1    1    1    1    1  2.10667E+14 0.42015 
   75   75    1    1    1    1    1    1    1    1  2.00926E+14 0.45773 
   76   76    1    1    1    1    1    1    1    1  2.96192E+14 0.34492 
   77   77    1    1    1    1    1    1    1    1  1.64809E+14 0.46884 
   78   78    1    1    1    1    1    1    1    1  1.89244E+14 0.34316 
   79   79    1    1    1    1    1    1    1    1  6.91037E+14 0.31676 
   80   80    1    1    1    1    1    1    1    1  2.95836E+14 0.32528 
   81   81    1    1    1    1    1    1    1    1  3.34953E+14 0.42404 
   82   82    1    1    1    1    1    1    1    1  2.71357E+14 0.29675 
   83   83    1    1    1    1    1    1    1    1  6.16776E+14 0.41512 
   84   84    1    1    1    1    1    1    1    1  5.62511E+14 0.37865 
   85   85    1    1    1    1    1    1    1    1  6.05507E+14 0.32230 
   86   86    1    1    1    1    1    1    1    1  9.66736E+14 0.31380 
   87   87    1    1    1    1    1    1    1    1  9.21220E+14 0.29880 
   88   88    1    1    1    1    1    1    1    1  6.02801E+14 0.31407 
   89   89    1    1    1    1    1    1    1    1  1.00003E+15 0.28817 
   90   90    1    1    1    1    1    1    1    1  8.04996E+14 0.52776 
   91   91    1    1    1    1    1    1    1    1  7.96640E+14 0.42434 
   92   92    1    1    1    1    1    1    1    1  4.73269E+14 0.47643 
   93   93    1    1    1    1    1    1    1    1  6.85083E+14 0.18554 
   94   94    1    1    1    1    1    1    1    1  7.12669E+14 0.24893 
   95   95    1    1    1    1    1    1    1    1  1.20255E+15 0.21220 
   96   96    1    1    1    1    1    1    1    1  1.33432E+15 0.15362 
   97   97    1    1    1    1    1    1    1    1  2.15307E+15 0.18258 
   98   98    1    1    1    1    1    1    1    1  1.40633E+15 0.12562 
   99   99    1    1    1    1    1    1    1    1  1.90103E+15 0.11479 
  100  100    1    1    1    1    1    1    1    1  1.87506E+15 0.18962 
  101  101    1    1    1    1    1    1    1    1  2.20265E+15 0.13946 
  102  102    1    1    1    1    1    1    1    1  1.96592E+15 0.13462 
  103  103    1    1    1    1    1    1    1    1  2.00373E+15 0.16872 
  104  104    1    1    1    1    1    1    1    1  3.33732E+15 0.17775 
  105  105    1    1    1    1    1    1    1    1  3.52596E+15 0.09427 
  106  106    1    1    1    1    1    1    1    1  4.05366E+15 0.07389 
  107  107    1    1    1    1    1    1    1    1  4.23531E+15 0.07281 
  108  108    1    1    1    1    1    1    1    1  4.90952E+15 0.06670 
  109  109    1    1    1    1    1    1    1    1  6.43803E+15 0.09350 
