
DETspectrum = [
    1    1    1    1    1    1    1    1    1    1  0.00000E+00 0.00000 
    2    2    1    1    1    1    1    1    1    1  0.00000E+00 0.00000 
    3    3    1    1    1    1    1    1    1    1  0.00000E+00 0.00000 
    4    4    1    1    1    1    1    1    1    1  0.00000E+00 0.00000 
    5    5    1    1    1    1    1    1    1    1  0.00000E+00 0.00000 
    6    6    1    1    1    1    1    1    1    1  0.00000E+00 0.00000 
    7    7    1    1    1    1    1    1    1    1  0.00000E+00 0.00000 
    8    8    1    1    1    1    1    1    1    1  0.00000E+00 0.00000 
    9    9    1    1    1    1    1    1    1    1  0.00000E+00 0.00000 
   10   10    1    1    1    1    1    1    1    1  0.00000E+00 0.00000 
   11   11    1    1    1    1    1    1    1    1  0.00000E+00 0.00000 
   12   12    1    1    1    1    1    1    1    1  0.00000E+00 0.00000 
   13   13    1    1    1    1    1    1    1    1  0.00000E+00 0.00000 
   14   14    1    1    1    1    1    1    1    1  0.00000E+00 0.00000 
   15   15    1    1    1    1    1    1    1    1  0.00000E+00 0.00000 
   16   16    1    1    1    1    1    1    1    1  0.00000E+00 0.00000 
   17   17    1    1    1    1    1    1    1    1  0.00000E+00 0.00000 
   18   18    1    1    1    1    1    1    1    1  0.00000E+00 0.00000 
   19   19    1    1    1    1    1    1    1    1  0.00000E+00 0.00000 
   20   20    1    1    1    1    1    1    1    1  0.00000E+00 0.00000 
   21   21    1    1    1    1    1    1    1    1  0.00000E+00 0.00000 
   22   22    1    1    1    1    1    1    1    1  0.00000E+00 0.00000 
   23   23    1    1    1    1    1    1    1    1  0.00000E+00 0.00000 
   24   24    1    1    1    1    1    1    1    1  0.00000E+00 0.00000 
   25   25    1    1    1    1    1    1    1    1  0.00000E+00 0.00000 
   26   26    1    1    1    1    1    1    1    1  0.00000E+00 0.00000 
   27   27    1    1    1    1    1    1    1    1  0.00000E+00 0.00000 
   28   28    1    1    1    1    1    1    1    1  0.00000E+00 0.00000 
   29   29    1    1    1    1    1    1    1    1  0.00000E+00 0.00000 
   30   30    1    1    1    1    1    1    1    1  0.00000E+00 0.00000 
   31   31    1    1    1    1    1    1    1    1  0.00000E+00 0.00000 
   32   32    1    1    1    1    1    1    1    1  0.00000E+00 0.00000 
   33   33    1    1    1    1    1    1    1    1  0.00000E+00 0.00000 
   34   34    1    1    1    1    1    1    1    1  0.00000E+00 0.00000 
   35   35    1    1    1    1    1    1    1    1  1.12584E+13 1.00000 
   36   36    1    1    1    1    1    1    1    1  3.38591E+13 1.00000 
   37   37    1    1    1    1    1    1    1    1  0.00000E+00 0.00000 
   38   38    1    1    1    1    1    1    1    1  7.59809E+13 0.77514 
   39   39    1    1    1    1    1    1    1    1  6.58940E+13 1.00000 
   40   40    1    1    1    1    1    1    1    1  4.11745E+13 1.00000 
   41   41    1    1    1    1    1    1    1    1  4.61618E+13 0.70522 
   42   42    1    1    1    1    1    1    1    1  1.15263E+14 0.58677 
   43   43    1    1    1    1    1    1    1    1  0.00000E+00 0.00000 
   44   44    1    1    1    1    1    1    1    1  9.09944E+13 0.80502 
   45   45    1    1    1    1    1    1    1    1  1.22955E+14 0.76275 
   46   46    1    1    1    1    1    1    1    1  4.79628E+13 1.00000 
   47   47    1    1    1    1    1    1    1    1  1.60535E+14 0.92712 
   48   48    1    1    1    1    1    1    1    1  1.24297E+13 1.00000 
   49   49    1    1    1    1    1    1    1    1  2.02687E+14 0.72839 
   50   50    1    1    1    1    1    1    1    1  1.75879E+14 1.00000 
   51   51    1    1    1    1    1    1    1    1  3.28207E+13 1.00000 
   52   52    1    1    1    1    1    1    1    1  0.00000E+00 0.00000 
   53   53    1    1    1    1    1    1    1    1  0.00000E+00 0.00000 
   54   54    1    1    1    1    1    1    1    1  0.00000E+00 0.00000 
   55   55    1    1    1    1    1    1    1    1  0.00000E+00 0.00000 
   56   56    1    1    1    1    1    1    1    1  2.20278E+14 0.85656 
   57   57    1    1    1    1    1    1    1    1  2.22196E+14 0.85645 
   58   58    1    1    1    1    1    1    1    1  6.86979E+13 0.70432 
   59   59    1    1    1    1    1    1    1    1  0.00000E+00 0.00000 
   60   60    1    1    1    1    1    1    1    1  3.58145E+13 1.00000 
   61   61    1    1    1    1    1    1    1    1  1.08438E+14 1.00000 
   62   62    1    1    1    1    1    1    1    1  0.00000E+00 0.00000 
   63   63    1    1    1    1    1    1    1    1  7.19518E+13 0.70432 
   64   64    1    1    1    1    1    1    1    1  1.66048E+14 0.80606 
   65   65    1    1    1    1    1    1    1    1  4.45839E+13 0.74764 
   66   66    1    1    1    1    1    1    1    1  9.71596E+13 0.85474 
   67   67    1    1    1    1    1    1    1    1  0.00000E+00 0.00000 
   68   68    1    1    1    1    1    1    1    1  9.94774E+13 0.85826 
   69   69    1    1    1    1    1    1    1    1  5.00001E+13 0.70500 
   70   70    1    1    1    1    1    1    1    1  2.16709E+14 0.51401 
   71   71    1    1    1    1    1    1    1    1  1.38457E+14 0.60243 
   72   72    1    1    1    1    1    1    1    1  5.39486E+13 0.85451 
   73   73    1    1    1    1    1    1    1    1  2.54026E+14 0.47452 
   74   74    1    1    1    1    1    1    1    1  1.37739E+14 0.58735 
   75   75    1    1    1    1    1    1    1    1  5.39949E+13 0.63771 
   76   76    1    1    1    1    1    1    1    1  2.45500E+13 0.61300 
   77   77    1    1    1    1    1    1    1    1  1.45443E+14 0.48072 
   78   78    1    1    1    1    1    1    1    1  8.23774E+13 0.55925 
   79   79    1    1    1    1    1    1    1    1  1.48630E+14 0.62897 
   80   80    1    1    1    1    1    1    1    1  2.61829E+14 0.40064 
   81   81    1    1    1    1    1    1    1    1  3.48059E+14 0.45432 
   82   82    1    1    1    1    1    1    1    1  2.50467E+14 0.41344 
   83   83    1    1    1    1    1    1    1    1  1.31526E+14 0.57564 
   84   84    1    1    1    1    1    1    1    1  1.84559E+14 0.39117 
   85   85    1    1    1    1    1    1    1    1  2.60695E+14 0.43727 
   86   86    1    1    1    1    1    1    1    1  4.25662E+14 0.43538 
   87   87    1    1    1    1    1    1    1    1  1.68303E+14 0.46311 
   88   88    1    1    1    1    1    1    1    1  3.92721E+14 0.38539 
   89   89    1    1    1    1    1    1    1    1  1.71294E+14 0.44152 
   90   90    1    1    1    1    1    1    1    1  3.39915E+14 0.56755 
   91   91    1    1    1    1    1    1    1    1  5.32000E+14 0.57363 
   92   92    1    1    1    1    1    1    1    1  5.62353E+14 0.34684 
   93   93    1    1    1    1    1    1    1    1  4.92032E+14 0.27677 
   94   94    1    1    1    1    1    1    1    1  3.69648E+14 0.30385 
   95   95    1    1    1    1    1    1    1    1  8.09918E+14 0.27373 
   96   96    1    1    1    1    1    1    1    1  9.94037E+14 0.15788 
   97   97    1    1    1    1    1    1    1    1  1.10277E+15 0.16870 
   98   98    1    1    1    1    1    1    1    1  1.04175E+15 0.15334 
   99   99    1    1    1    1    1    1    1    1  1.92524E+15 0.12793 
  100  100    1    1    1    1    1    1    1    1  2.32180E+15 0.17725 
  101  101    1    1    1    1    1    1    1    1  1.95938E+15 0.17968 
  102  102    1    1    1    1    1    1    1    1  1.88923E+15 0.17240 
  103  103    1    1    1    1    1    1    1    1  1.31675E+15 0.17991 
  104  104    1    1    1    1    1    1    1    1  2.45978E+15 0.18524 
  105  105    1    1    1    1    1    1    1    1  2.97325E+15 0.09862 
  106  106    1    1    1    1    1    1    1    1  4.34144E+15 0.09648 
  107  107    1    1    1    1    1    1    1    1  4.00569E+15 0.09490 
  108  108    1    1    1    1    1    1    1    1  4.96052E+15 0.06623 
  109  109    1    1    1    1    1    1    1    1  6.08845E+15 0.10488 
