
DETspectrum = [
    1    1    1    1    1    1    1    1    1    1  0.00000E+00 0.00000 
    2    2    1    1    1    1    1    1    1    1  0.00000E+00 0.00000 
    3    3    1    1    1    1    1    1    1    1  0.00000E+00 0.00000 
    4    4    1    1    1    1    1    1    1    1  0.00000E+00 0.00000 
    5    5    1    1    1    1    1    1    1    1  0.00000E+00 0.00000 
    6    6    1    1    1    1    1    1    1    1  0.00000E+00 0.00000 
    7    7    1    1    1    1    1    1    1    1  0.00000E+00 0.00000 
    8    8    1    1    1    1    1    1    1    1  0.00000E+00 0.00000 
    9    9    1    1    1    1    1    1    1    1  0.00000E+00 0.00000 
   10   10    1    1    1    1    1    1    1    1  0.00000E+00 0.00000 
   11   11    1    1    1    1    1    1    1    1  0.00000E+00 0.00000 
   12   12    1    1    1    1    1    1    1    1  0.00000E+00 0.00000 
   13   13    1    1    1    1    1    1    1    1  0.00000E+00 0.00000 
   14   14    1    1    1    1    1    1    1    1  0.00000E+00 0.00000 
   15   15    1    1    1    1    1    1    1    1  0.00000E+00 0.00000 
   16   16    1    1    1    1    1    1    1    1  0.00000E+00 0.00000 
   17   17    1    1    1    1    1    1    1    1  0.00000E+00 0.00000 
   18   18    1    1    1    1    1    1    1    1  0.00000E+00 0.00000 
   19   19    1    1    1    1    1    1    1    1  0.00000E+00 0.00000 
   20   20    1    1    1    1    1    1    1    1  0.00000E+00 0.00000 
   21   21    1    1    1    1    1    1    1    1  0.00000E+00 0.00000 
   22   22    1    1    1    1    1    1    1    1  0.00000E+00 0.00000 
   23   23    1    1    1    1    1    1    1    1  0.00000E+00 0.00000 
   24   24    1    1    1    1    1    1    1    1  0.00000E+00 0.00000 
   25   25    1    1    1    1    1    1    1    1  0.00000E+00 0.00000 
   26   26    1    1    1    1    1    1    1    1  0.00000E+00 0.00000 
   27   27    1    1    1    1    1    1    1    1  0.00000E+00 0.00000 
   28   28    1    1    1    1    1    1    1    1  2.84531E+12 1.00000 
   29   29    1    1    1    1    1    1    1    1  3.16032E+12 1.00000 
   30   30    1    1    1    1    1    1    1    1  5.74627E+13 1.00000 
   31   31    1    1    1    1    1    1    1    1  1.49578E+13 1.00000 
   32   32    1    1    1    1    1    1    1    1  1.64863E+13 1.00000 
   33   33    1    1    1    1    1    1    1    1  0.00000E+00 0.00000 
   34   34    1    1    1    1    1    1    1    1  1.40135E+13 0.74793 
   35   35    1    1    1    1    1    1    1    1  4.87076E+13 0.58010 
   36   36    1    1    1    1    1    1    1    1  4.13006E+13 0.65201 
   37   37    1    1    1    1    1    1    1    1  4.64618E+13 0.65945 
   38   38    1    1    1    1    1    1    1    1  8.62626E+13 0.61325 
   39   39    1    1    1    1    1    1    1    1  7.66102E+12 1.00000 
   40   40    1    1    1    1    1    1    1    1  1.51712E+13 1.00000 
   41   41    1    1    1    1    1    1    1    1  2.04423E+13 0.65402 
   42   42    1    1    1    1    1    1    1    1  5.36290E+13 0.58707 
   43   43    1    1    1    1    1    1    1    1  0.00000E+00 0.00000 
   44   44    1    1    1    1    1    1    1    1  2.80870E+13 0.84108 
   45   45    1    1    1    1    1    1    1    1  2.74849E+13 0.66302 
   46   46    1    1    1    1    1    1    1    1  4.58784E+13 0.60527 
   47   47    1    1    1    1    1    1    1    1  5.96194E+13 0.82204 
   48   48    1    1    1    1    1    1    1    1  1.00983E+14 0.64050 
   49   49    1    1    1    1    1    1    1    1  1.18131E+14 0.64767 
   50   50    1    1    1    1    1    1    1    1  3.12374E+13 1.00000 
   51   51    1    1    1    1    1    1    1    1  0.00000E+00 0.00000 
   52   52    1    1    1    1    1    1    1    1  2.52523E+14 0.79162 
   53   53    1    1    1    1    1    1    1    1  6.54278E+13 0.70422 
   54   54    1    1    1    1    1    1    1    1  0.00000E+00 0.00000 
   55   55    1    1    1    1    1    1    1    1  9.76961E+13 0.73690 
   56   56    1    1    1    1    1    1    1    1  3.31530E+13 1.00000 
   57   57    1    1    1    1    1    1    1    1  6.63053E+13 0.70416 
   58   58    1    1    1    1    1    1    1    1  6.69302E+13 0.70416 
   59   59    1    1    1    1    1    1    1    1  2.03257E+14 1.00000 
   60   60    1    1    1    1    1    1    1    1  3.08461E+14 0.68910 
   61   61    1    1    1    1    1    1    1    1  2.42567E+14 0.86383 
   62   62    1    1    1    1    1    1    1    1  2.08570E+14 1.00000 
   63   63    1    1    1    1    1    1    1    1  6.90983E+13 0.70414 
   64   64    1    1    1    1    1    1    1    1  2.73124E+14 0.75234 
   65   65    1    1    1    1    1    1    1    1  8.81230E+13 0.57792 
   66   66    1    1    1    1    1    1    1    1  2.30046E+14 0.46830 
   67   67    1    1    1    1    1    1    1    1  1.48705E+14 0.62241 
   68   68    1    1    1    1    1    1    1    1  2.06033E+14 0.57160 
   69   69    1    1    1    1    1    1    1    1  3.26425E+14 0.62375 
   70   70    1    1    1    1    1    1    1    1  2.93630E+14 0.35161 
   71   71    1    1    1    1    1    1    1    1  2.70518E+14 0.37517 
   72   72    1    1    1    1    1    1    1    1  2.20101E+14 0.55491 
   73   73    1    1    1    1    1    1    1    1  1.48413E+14 0.47544 
   74   74    1    1    1    1    1    1    1    1  1.78620E+14 0.35496 
   75   75    1    1    1    1    1    1    1    1  2.21206E+14 0.31668 
   76   76    1    1    1    1    1    1    1    1  2.18890E+14 0.32080 
   77   77    1    1    1    1    1    1    1    1  2.59844E+14 0.43783 
   78   78    1    1    1    1    1    1    1    1  2.78234E+14 0.43344 
   79   79    1    1    1    1    1    1    1    1  3.39537E+14 0.33783 
   80   80    1    1    1    1    1    1    1    1  5.55856E+14 0.28119 
   81   81    1    1    1    1    1    1    1    1  5.19040E+14 0.40886 
   82   82    1    1    1    1    1    1    1    1  4.11322E+14 0.32186 
   83   83    1    1    1    1    1    1    1    1  5.03185E+14 0.35177 
   84   84    1    1    1    1    1    1    1    1  6.81052E+14 0.26725 
   85   85    1    1    1    1    1    1    1    1  7.08942E+14 0.31716 
   86   86    1    1    1    1    1    1    1    1  1.27809E+15 0.27192 
   87   87    1    1    1    1    1    1    1    1  8.22810E+14 0.26604 
   88   88    1    1    1    1    1    1    1    1  9.90787E+14 0.26373 
   89   89    1    1    1    1    1    1    1    1  8.85806E+14 0.31338 
   90   90    1    1    1    1    1    1    1    1  1.02052E+15 0.40199 
   91   91    1    1    1    1    1    1    1    1  1.05137E+15 0.31143 
   92   92    1    1    1    1    1    1    1    1  1.19214E+15 0.31910 
   93   93    1    1    1    1    1    1    1    1  1.13545E+15 0.16976 
   94   94    1    1    1    1    1    1    1    1  8.68548E+14 0.22650 
   95   95    1    1    1    1    1    1    1    1  1.13312E+15 0.17381 
   96   96    1    1    1    1    1    1    1    1  1.37839E+15 0.13409 
   97   97    1    1    1    1    1    1    1    1  1.94573E+15 0.16673 
   98   98    1    1    1    1    1    1    1    1  1.99093E+15 0.14411 
   99   99    1    1    1    1    1    1    1    1  1.98204E+15 0.11578 
  100  100    1    1    1    1    1    1    1    1  2.93227E+15 0.16290 
  101  101    1    1    1    1    1    1    1    1  2.96395E+15 0.16158 
  102  102    1    1    1    1    1    1    1    1  2.63830E+15 0.16441 
  103  103    1    1    1    1    1    1    1    1  2.21833E+15 0.19437 
  104  104    1    1    1    1    1    1    1    1  4.53316E+15 0.16397 
  105  105    1    1    1    1    1    1    1    1  4.44930E+15 0.10172 
  106  106    1    1    1    1    1    1    1    1  5.17377E+15 0.08163 
  107  107    1    1    1    1    1    1    1    1  5.25596E+15 0.06769 
  108  108    1    1    1    1    1    1    1    1  6.01339E+15 0.06571 
  109  109    1    1    1    1    1    1    1    1  7.63052E+15 0.09464 
