
DETspectrum = [
    1    1    1    1    1    1    1    1    1    1  0.00000E+00 0.00000 
    2    2    1    1    1    1    1    1    1    1  0.00000E+00 0.00000 
    3    3    1    1    1    1    1    1    1    1  0.00000E+00 0.00000 
    4    4    1    1    1    1    1    1    1    1  0.00000E+00 0.00000 
    5    5    1    1    1    1    1    1    1    1  0.00000E+00 0.00000 
    6    6    1    1    1    1    1    1    1    1  0.00000E+00 0.00000 
    7    7    1    1    1    1    1    1    1    1  0.00000E+00 0.00000 
    8    8    1    1    1    1    1    1    1    1  0.00000E+00 0.00000 
    9    9    1    1    1    1    1    1    1    1  0.00000E+00 0.00000 
   10   10    1    1    1    1    1    1    1    1  0.00000E+00 0.00000 
   11   11    1    1    1    1    1    1    1    1  0.00000E+00 0.00000 
   12   12    1    1    1    1    1    1    1    1  0.00000E+00 0.00000 
   13   13    1    1    1    1    1    1    1    1  0.00000E+00 0.00000 
   14   14    1    1    1    1    1    1    1    1  0.00000E+00 0.00000 
   15   15    1    1    1    1    1    1    1    1  0.00000E+00 0.00000 
   16   16    1    1    1    1    1    1    1    1  0.00000E+00 0.00000 
   17   17    1    1    1    1    1    1    1    1  0.00000E+00 0.00000 
   18   18    1    1    1    1    1    1    1    1  0.00000E+00 0.00000 
   19   19    1    1    1    1    1    1    1    1  0.00000E+00 0.00000 
   20   20    1    1    1    1    1    1    1    1  0.00000E+00 0.00000 
   21   21    1    1    1    1    1    1    1    1  0.00000E+00 0.00000 
   22   22    1    1    1    1    1    1    1    1  0.00000E+00 0.00000 
   23   23    1    1    1    1    1    1    1    1  0.00000E+00 0.00000 
   24   24    1    1    1    1    1    1    1    1  0.00000E+00 0.00000 
   25   25    1    1    1    1    1    1    1    1  0.00000E+00 0.00000 
   26   26    1    1    1    1    1    1    1    1  0.00000E+00 0.00000 
   27   27    1    1    1    1    1    1    1    1  0.00000E+00 0.00000 
   28   28    1    1    1    1    1    1    1    1  0.00000E+00 0.00000 
   29   29    1    1    1    1    1    1    1    1  0.00000E+00 0.00000 
   30   30    1    1    1    1    1    1    1    1  0.00000E+00 0.00000 
   31   31    1    1    1    1    1    1    1    1  0.00000E+00 0.00000 
   32   32    1    1    1    1    1    1    1    1  0.00000E+00 0.00000 
   33   33    1    1    1    1    1    1    1    1  0.00000E+00 0.00000 
   34   34    1    1    1    1    1    1    1    1  0.00000E+00 0.00000 
   35   35    1    1    1    1    1    1    1    1  0.00000E+00 0.00000 
   36   36    1    1    1    1    1    1    1    1  2.88150E+12 1.00000 
   37   37    1    1    1    1    1    1    1    1  3.20064E+12 1.00000 
   38   38    1    1    1    1    1    1    1    1  7.02174E+12 1.00000 
   39   39    1    1    1    1    1    1    1    1  7.50769E+12 1.00000 
   40   40    1    1    1    1    1    1    1    1  7.83577E+12 1.00000 
   41   41    1    1    1    1    1    1    1    1  5.02311E+13 0.84943 
   42   42    1    1    1    1    1    1    1    1  4.47716E+12 1.00000 
   43   43    1    1    1    1    1    1    1    1  0.00000E+00 0.00000 
   44   44    1    1    1    1    1    1    1    1  3.42133E+13 0.85967 
   45   45    1    1    1    1    1    1    1    1  5.43168E+12 1.00000 
   46   46    1    1    1    1    1    1    1    1  0.00000E+00 0.00000 
   47   47    1    1    1    1    1    1    1    1  1.16749E+13 1.00000 
   48   48    1    1    1    1    1    1    1    1  2.42350E+13 0.70417 
   49   49    1    1    1    1    1    1    1    1  1.25771E+13 1.00000 
   50   50    1    1    1    1    1    1    1    1  3.20252E+13 1.00000 
   51   51    1    1    1    1    1    1    1    1  3.16670E+13 1.00000 
   52   52    1    1    1    1    1    1    1    1  1.29335E+14 0.70417 
   53   53    1    1    1    1    1    1    1    1  0.00000E+00 0.00000 
   54   54    1    1    1    1    1    1    1    1  0.00000E+00 0.00000 
   55   55    1    1    1    1    1    1    1    1  0.00000E+00 0.00000 
   56   56    1    1    1    1    1    1    1    1  3.32722E+13 1.00000 
   57   57    1    1    1    1    1    1    1    1  3.43129E+13 1.00000 
   58   58    1    1    1    1    1    1    1    1  2.24509E+14 0.85837 
   59   59    1    1    1    1    1    1    1    1  1.91551E+14 1.00000 
   60   60    1    1    1    1    1    1    1    1  0.00000E+00 0.00000 
   61   61    1    1    1    1    1    1    1    1  1.94756E+14 1.00000 
   62   62    1    1    1    1    1    1    1    1  4.28663E+14 0.91925 
   63   63    1    1    1    1    1    1    1    1  3.62885E+13 1.00000 
   64   64    1    1    1    1    1    1    1    1  0.00000E+00 0.00000 
   65   65    1    1    1    1    1    1    1    1  3.38286E+14 0.95668 
   66   66    1    1    1    1    1    1    1    1  8.24039E+13 1.00000 
   67   67    1    1    1    1    1    1    1    1  1.55332E+13 1.00000 
   68   68    1    1    1    1    1    1    1    1  0.00000E+00 0.00000 
   69   69    1    1    1    1    1    1    1    1  1.63610E+13 1.00000 
   70   70    1    1    1    1    1    1    1    1  3.34886E+13 0.78598 
   71   71    1    1    1    1    1    1    1    1  2.61374E+13 0.74074 
   72   72    1    1    1    1    1    1    1    1  0.00000E+00 0.00000 
   73   73    1    1    1    1    1    1    1    1  1.87895E+13 0.70417 
   74   74    1    1    1    1    1    1    1    1  7.76722E+13 0.55196 
   75   75    1    1    1    1    1    1    1    1  9.31719E+13 0.48220 
   76   76    1    1    1    1    1    1    1    1  7.00347E+13 0.55934 
   77   77    1    1    1    1    1    1    1    1  1.43340E+14 0.44706 
   78   78    1    1    1    1    1    1    1    1  2.41159E+14 0.39854 
   79   79    1    1    1    1    1    1    1    1  1.31593E+14 0.59837 
   80   80    1    1    1    1    1    1    1    1  1.08466E+14 0.44427 
   81   81    1    1    1    1    1    1    1    1  1.92623E+14 0.49883 
   82   82    1    1    1    1    1    1    1    1  3.33748E+14 0.29382 
   83   83    1    1    1    1    1    1    1    1  2.16120E+14 0.51266 
   84   84    1    1    1    1    1    1    1    1  5.92070E+14 0.30681 
   85   85    1    1    1    1    1    1    1    1  5.00519E+14 0.32498 
   86   86    1    1    1    1    1    1    1    1  3.77337E+14 0.47951 
   87   87    1    1    1    1    1    1    1    1  5.01862E+14 0.39703 
   88   88    1    1    1    1    1    1    1    1  3.21365E+14 0.40578 
   89   89    1    1    1    1    1    1    1    1  4.62511E+14 0.36131 
   90   90    1    1    1    1    1    1    1    1  1.70667E+15 0.41246 
   91   91    1    1    1    1    1    1    1    1  2.24390E+14 0.65064 
   92   92    1    1    1    1    1    1    1    1  4.80278E+14 0.37656 
   93   93    1    1    1    1    1    1    1    1  4.31711E+14 0.23202 
   94   94    1    1    1    1    1    1    1    1  1.04132E+15 0.23848 
   95   95    1    1    1    1    1    1    1    1  5.04917E+14 0.28902 
   96   96    1    1    1    1    1    1    1    1  1.04263E+15 0.15882 
   97   97    1    1    1    1    1    1    1    1  1.63721E+15 0.16479 
   98   98    1    1    1    1    1    1    1    1  1.29296E+15 0.15992 
   99   99    1    1    1    1    1    1    1    1  1.66657E+15 0.12559 
  100  100    1    1    1    1    1    1    1    1  2.10924E+15 0.15616 
  101  101    1    1    1    1    1    1    1    1  1.70763E+15 0.17462 
  102  102    1    1    1    1    1    1    1    1  1.75498E+15 0.14735 
  103  103    1    1    1    1    1    1    1    1  2.31868E+15 0.16052 
  104  104    1    1    1    1    1    1    1    1  2.43426E+15 0.17510 
  105  105    1    1    1    1    1    1    1    1  2.90739E+15 0.08982 
  106  106    1    1    1    1    1    1    1    1  3.96756E+15 0.07935 
  107  107    1    1    1    1    1    1    1    1  4.77898E+15 0.08411 
  108  108    1    1    1    1    1    1    1    1  5.27897E+15 0.06811 
  109  109    1    1    1    1    1    1    1    1  6.90576E+15 0.10552 
