
DETspectrum = [
    1    1    1    1    1    1    1    1    1    1  0.00000E+00 0.00000 
    2    2    1    1    1    1    1    1    1    1  0.00000E+00 0.00000 
    3    3    1    1    1    1    1    1    1    1  0.00000E+00 0.00000 
    4    4    1    1    1    1    1    1    1    1  0.00000E+00 0.00000 
    5    5    1    1    1    1    1    1    1    1  0.00000E+00 0.00000 
    6    6    1    1    1    1    1    1    1    1  0.00000E+00 0.00000 
    7    7    1    1    1    1    1    1    1    1  0.00000E+00 0.00000 
    8    8    1    1    1    1    1    1    1    1  0.00000E+00 0.00000 
    9    9    1    1    1    1    1    1    1    1  0.00000E+00 0.00000 
   10   10    1    1    1    1    1    1    1    1  0.00000E+00 0.00000 
   11   11    1    1    1    1    1    1    1    1  0.00000E+00 0.00000 
   12   12    1    1    1    1    1    1    1    1  0.00000E+00 0.00000 
   13   13    1    1    1    1    1    1    1    1  0.00000E+00 0.00000 
   14   14    1    1    1    1    1    1    1    1  0.00000E+00 0.00000 
   15   15    1    1    1    1    1    1    1    1  0.00000E+00 0.00000 
   16   16    1    1    1    1    1    1    1    1  0.00000E+00 0.00000 
   17   17    1    1    1    1    1    1    1    1  0.00000E+00 0.00000 
   18   18    1    1    1    1    1    1    1    1  0.00000E+00 0.00000 
   19   19    1    1    1    1    1    1    1    1  0.00000E+00 0.00000 
   20   20    1    1    1    1    1    1    1    1  0.00000E+00 0.00000 
   21   21    1    1    1    1    1    1    1    1  0.00000E+00 0.00000 
   22   22    1    1    1    1    1    1    1    1  0.00000E+00 0.00000 
   23   23    1    1    1    1    1    1    1    1  0.00000E+00 0.00000 
   24   24    1    1    1    1    1    1    1    1  0.00000E+00 0.00000 
   25   25    1    1    1    1    1    1    1    1  0.00000E+00 0.00000 
   26   26    1    1    1    1    1    1    1    1  1.17747E+13 1.00000 
   27   27    1    1    1    1    1    1    1    1  0.00000E+00 0.00000 
   28   28    1    1    1    1    1    1    1    1  0.00000E+00 0.00000 
   29   29    1    1    1    1    1    1    1    1  0.00000E+00 0.00000 
   30   30    1    1    1    1    1    1    1    1  0.00000E+00 0.00000 
   31   31    1    1    1    1    1    1    1    1  0.00000E+00 0.00000 
   32   32    1    1    1    1    1    1    1    1  0.00000E+00 0.00000 
   33   33    1    1    1    1    1    1    1    1  0.00000E+00 0.00000 
   34   34    1    1    1    1    1    1    1    1  0.00000E+00 0.00000 
   35   35    1    1    1    1    1    1    1    1  0.00000E+00 0.00000 
   36   36    1    1    1    1    1    1    1    1  0.00000E+00 0.00000 
   37   37    1    1    1    1    1    1    1    1  0.00000E+00 0.00000 
   38   38    1    1    1    1    1    1    1    1  0.00000E+00 0.00000 
   39   39    1    1    1    1    1    1    1    1  0.00000E+00 0.00000 
   40   40    1    1    1    1    1    1    1    1  0.00000E+00 0.00000 
   41   41    1    1    1    1    1    1    1    1  0.00000E+00 0.00000 
   42   42    1    1    1    1    1    1    1    1  0.00000E+00 0.00000 
   43   43    1    1    1    1    1    1    1    1  0.00000E+00 0.00000 
   44   44    1    1    1    1    1    1    1    1  2.18969E+13 1.00000 
   45   45    1    1    1    1    1    1    1    1  0.00000E+00 0.00000 
   46   46    1    1    1    1    1    1    1    1  0.00000E+00 0.00000 
   47   47    1    1    1    1    1    1    1    1  6.38363E+13 1.00000 
   48   48    1    1    1    1    1    1    1    1  5.01063E+13 1.00000 
   49   49    1    1    1    1    1    1    1    1  2.02634E+14 0.74132 
   50   50    1    1    1    1    1    1    1    1  1.70871E+14 1.00000 
   51   51    1    1    1    1    1    1    1    1  1.72493E+14 1.00000 
   52   52    1    1    1    1    1    1    1    1  1.74060E+14 1.00000 
   53   53    1    1    1    1    1    1    1    1  0.00000E+00 0.00000 
   54   54    1    1    1    1    1    1    1    1  0.00000E+00 0.00000 
   55   55    1    1    1    1    1    1    1    1  0.00000E+00 0.00000 
   56   56    1    1    1    1    1    1    1    1  1.80406E+14 1.00000 
   57   57    1    1    1    1    1    1    1    1  1.81998E+14 1.00000 
   58   58    1    1    1    1    1    1    1    1  1.83475E+14 1.00000 
   59   59    1    1    1    1    1    1    1    1  0.00000E+00 0.00000 
   60   60    1    1    1    1    1    1    1    1  0.00000E+00 0.00000 
   61   61    1    1    1    1    1    1    1    1  0.00000E+00 0.00000 
   62   62    1    1    1    1    1    1    1    1  0.00000E+00 0.00000 
   63   63    1    1    1    1    1    1    1    1  0.00000E+00 0.00000 
   64   64    1    1    1    1    1    1    1    1  0.00000E+00 0.00000 
   65   65    1    1    1    1    1    1    1    1  7.92110E+13 1.00000 
   66   66    1    1    1    1    1    1    1    1  7.94229E+13 1.00000 
   67   67    1    1    1    1    1    1    1    1  8.19737E+13 1.00000 
   68   68    1    1    1    1    1    1    1    1  8.16951E+13 1.00000 
   69   69    1    1    1    1    1    1    1    1  0.00000E+00 0.00000 
   70   70    1    1    1    1    1    1    1    1  1.72817E+13 1.00000 
   71   71    1    1    1    1    1    1    1    1  8.97278E+12 1.00000 
   72   72    1    1    1    1    1    1    1    1  7.33201E+13 0.78603 
   73   73    1    1    1    1    1    1    1    1  8.57387E+13 0.61208 
   74   74    1    1    1    1    1    1    1    1  2.22110E+13 0.61047 
   75   75    1    1    1    1    1    1    1    1  5.74827E+13 0.48002 
   76   76    1    1    1    1    1    1    1    1  1.37609E+14 0.41905 
   77   77    1    1    1    1    1    1    1    1  3.23415E+13 0.52496 
   78   78    1    1    1    1    1    1    1    1  7.34777E+13 0.70724 
   79   79    1    1    1    1    1    1    1    1  1.34120E+14 0.84854 
   80   80    1    1    1    1    1    1    1    1  3.29615E+13 0.39969 
   81   81    1    1    1    1    1    1    1    1  7.75801E+13 0.70420 
   82   82    1    1    1    1    1    1    1    1  5.66731E+13 0.50855 
   83   83    1    1    1    1    1    1    1    1  1.76475E+14 0.46417 
   84   84    1    1    1    1    1    1    1    1  1.40416E+14 0.53892 
   85   85    1    1    1    1    1    1    1    1  1.71900E+14 0.45815 
   86   86    1    1    1    1    1    1    1    1  1.16731E+14 0.53507 
   87   87    1    1    1    1    1    1    1    1  2.10673E+14 0.45374 
   88   88    1    1    1    1    1    1    1    1  6.54191E+14 0.40740 
   89   89    1    1    1    1    1    1    1    1  3.20224E+14 0.52741 
   90   90    1    1    1    1    1    1    1    1  2.40167E+14 0.75042 
   91   91    1    1    1    1    1    1    1    1  6.59725E+14 0.37949 
   92   92    1    1    1    1    1    1    1    1  4.84557E+14 0.42228 
   93   93    1    1    1    1    1    1    1    1  2.39188E+14 0.31069 
   94   94    1    1    1    1    1    1    1    1  2.92719E+14 0.33134 
   95   95    1    1    1    1    1    1    1    1  4.88077E+14 0.34971 
   96   96    1    1    1    1    1    1    1    1  9.33497E+14 0.15619 
   97   97    1    1    1    1    1    1    1    1  1.28784E+15 0.16299 
   98   98    1    1    1    1    1    1    1    1  1.48461E+15 0.14597 
   99   99    1    1    1    1    1    1    1    1  1.80740E+15 0.12258 
  100  100    1    1    1    1    1    1    1    1  2.30943E+15 0.12756 
  101  101    1    1    1    1    1    1    1    1  1.94958E+15 0.18617 
  102  102    1    1    1    1    1    1    1    1  1.58766E+15 0.15024 
  103  103    1    1    1    1    1    1    1    1  1.49542E+15 0.14792 
  104  104    1    1    1    1    1    1    1    1  2.37889E+15 0.21459 
  105  105    1    1    1    1    1    1    1    1  3.23107E+15 0.10560 
  106  106    1    1    1    1    1    1    1    1  3.33790E+15 0.08156 
  107  107    1    1    1    1    1    1    1    1  3.97395E+15 0.09114 
  108  108    1    1    1    1    1    1    1    1  4.73810E+15 0.07754 
  109  109    1    1    1    1    1    1    1    1  6.01923E+15 0.10948 
