
DETspectrum = [
    1    1    1    1    1    1    1    1    1    1  0.00000E+00 0.00000 
    2    2    1    1    1    1    1    1    1    1  0.00000E+00 0.00000 
    3    3    1    1    1    1    1    1    1    1  0.00000E+00 0.00000 
    4    4    1    1    1    1    1    1    1    1  0.00000E+00 0.00000 
    5    5    1    1    1    1    1    1    1    1  0.00000E+00 0.00000 
    6    6    1    1    1    1    1    1    1    1  0.00000E+00 0.00000 
    7    7    1    1    1    1    1    1    1    1  0.00000E+00 0.00000 
    8    8    1    1    1    1    1    1    1    1  0.00000E+00 0.00000 
    9    9    1    1    1    1    1    1    1    1  0.00000E+00 0.00000 
   10   10    1    1    1    1    1    1    1    1  0.00000E+00 0.00000 
   11   11    1    1    1    1    1    1    1    1  0.00000E+00 0.00000 
   12   12    1    1    1    1    1    1    1    1  0.00000E+00 0.00000 
   13   13    1    1    1    1    1    1    1    1  0.00000E+00 0.00000 
   14   14    1    1    1    1    1    1    1    1  0.00000E+00 0.00000 
   15   15    1    1    1    1    1    1    1    1  0.00000E+00 0.00000 
   16   16    1    1    1    1    1    1    1    1  0.00000E+00 0.00000 
   17   17    1    1    1    1    1    1    1    1  0.00000E+00 0.00000 
   18   18    1    1    1    1    1    1    1    1  0.00000E+00 0.00000 
   19   19    1    1    1    1    1    1    1    1  0.00000E+00 0.00000 
   20   20    1    1    1    1    1    1    1    1  0.00000E+00 0.00000 
   21   21    1    1    1    1    1    1    1    1  0.00000E+00 0.00000 
   22   22    1    1    1    1    1    1    1    1  0.00000E+00 0.00000 
   23   23    1    1    1    1    1    1    1    1  0.00000E+00 0.00000 
   24   24    1    1    1    1    1    1    1    1  0.00000E+00 0.00000 
   25   25    1    1    1    1    1    1    1    1  0.00000E+00 0.00000 
   26   26    1    1    1    1    1    1    1    1  0.00000E+00 0.00000 
   27   27    1    1    1    1    1    1    1    1  0.00000E+00 0.00000 
   28   28    1    1    1    1    1    1    1    1  2.73417E+12 1.00000 
   29   29    1    1    1    1    1    1    1    1  1.20333E+13 1.00000 
   30   30    1    1    1    1    1    1    1    1  1.00104E+13 1.00000 
   31   31    1    1    1    1    1    1    1    1  0.00000E+00 0.00000 
   32   32    1    1    1    1    1    1    1    1  2.73081E+13 1.00000 
   33   33    1    1    1    1    1    1    1    1  0.00000E+00 0.00000 
   34   34    1    1    1    1    1    1    1    1  0.00000E+00 0.00000 
   35   35    1    1    1    1    1    1    1    1  3.22614E+13 0.92193 
   36   36    1    1    1    1    1    1    1    1  3.63108E+13 0.91878 
   37   37    1    1    1    1    1    1    1    1  2.52525E+13 0.77674 
   38   38    1    1    1    1    1    1    1    1  2.54740E+13 0.51138 
   39   39    1    1    1    1    1    1    1    1  1.28755E+14 0.50640 
   40   40    1    1    1    1    1    1    1    1  7.78153E+13 0.63000 
   41   41    1    1    1    1    1    1    1    1  5.15467E+13 0.50627 
   42   42    1    1    1    1    1    1    1    1  1.86155E+14 0.47603 
   43   43    1    1    1    1    1    1    1    1  1.36912E+14 0.63822 
   44   44    1    1    1    1    1    1    1    1  2.58475E+14 0.50593 
   45   45    1    1    1    1    1    1    1    1  1.79241E+14 0.54829 
   46   46    1    1    1    1    1    1    1    1  4.61280E+13 0.78912 
   47   47    1    1    1    1    1    1    1    1  7.59196E+13 0.85671 
   48   48    1    1    1    1    1    1    1    1  9.95804E+13 0.58529 
   49   49    1    1    1    1    1    1    1    1  2.28984E+14 0.71338 
   50   50    1    1    1    1    1    1    1    1  2.44201E+14 0.75848 
   51   51    1    1    1    1    1    1    1    1  2.49757E+14 0.75721 
   52   52    1    1    1    1    1    1    1    1  0.00000E+00 0.00000 
   53   53    1    1    1    1    1    1    1    1  2.50487E+14 0.78082 
   54   54    1    1    1    1    1    1    1    1  3.46429E+14 0.58825 
   55   55    1    1    1    1    1    1    1    1  3.50055E+13 1.00000 
   56   56    1    1    1    1    1    1    1    1  0.00000E+00 0.00000 
   57   57    1    1    1    1    1    1    1    1  6.31598E+14 0.69740 
   58   58    1    1    1    1    1    1    1    1  0.00000E+00 0.00000 
   59   59    1    1    1    1    1    1    1    1  3.48847E+14 0.62970 
   60   60    1    1    1    1    1    1    1    1  0.00000E+00 0.00000 
   61   61    1    1    1    1    1    1    1    1  2.44194E+14 0.87117 
   62   62    1    1    1    1    1    1    1    1  0.00000E+00 0.00000 
   63   63    1    1    1    1    1    1    1    1  2.88314E+14 0.76890 
   64   64    1    1    1    1    1    1    1    1  3.80821E+13 1.00000 
   65   65    1    1    1    1    1    1    1    1  3.66079E+14 0.42821 
   66   66    1    1    1    1    1    1    1    1  3.87841E+14 0.48387 
   67   67    1    1    1    1    1    1    1    1  2.36635E+14 0.75456 
   68   68    1    1    1    1    1    1    1    1  2.08634E+14 0.61494 
   69   69    1    1    1    1    1    1    1    1  3.27360E+14 0.55481 
   70   70    1    1    1    1    1    1    1    1  3.37648E+14 0.40037 
   71   71    1    1    1    1    1    1    1    1  1.65122E+14 0.45210 
   72   72    1    1    1    1    1    1    1    1  3.47266E+14 0.36295 
   73   73    1    1    1    1    1    1    1    1  2.78092E+14 0.58189 
   74   74    1    1    1    1    1    1    1    1  2.20567E+14 0.35874 
   75   75    1    1    1    1    1    1    1    1  3.43953E+14 0.32780 
   76   76    1    1    1    1    1    1    1    1  3.10762E+14 0.41634 
   77   77    1    1    1    1    1    1    1    1  1.57141E+14 0.33950 
   78   78    1    1    1    1    1    1    1    1  5.03611E+14 0.32698 
   79   79    1    1    1    1    1    1    1    1  8.71835E+14 0.30414 
   80   80    1    1    1    1    1    1    1    1  5.64957E+14 0.33506 
   81   81    1    1    1    1    1    1    1    1  5.74856E+14 0.40025 
   82   82    1    1    1    1    1    1    1    1  4.10092E+14 0.36729 
   83   83    1    1    1    1    1    1    1    1  2.32623E+14 0.37745 
   84   84    1    1    1    1    1    1    1    1  3.30322E+14 0.38863 
   85   85    1    1    1    1    1    1    1    1  7.49497E+14 0.30754 
   86   86    1    1    1    1    1    1    1    1  9.55388E+14 0.29515 
   87   87    1    1    1    1    1    1    1    1  9.77307E+14 0.29384 
   88   88    1    1    1    1    1    1    1    1  7.44804E+14 0.28739 
   89   89    1    1    1    1    1    1    1    1  9.20241E+14 0.29067 
   90   90    1    1    1    1    1    1    1    1  4.12684E+14 0.60471 
   91   91    1    1    1    1    1    1    1    1  7.85095E+14 0.39544 
   92   92    1    1    1    1    1    1    1    1  1.09171E+15 0.32332 
   93   93    1    1    1    1    1    1    1    1  1.38525E+15 0.22913 
   94   94    1    1    1    1    1    1    1    1  1.13577E+15 0.21811 
   95   95    1    1    1    1    1    1    1    1  1.10360E+15 0.18083 
   96   96    1    1    1    1    1    1    1    1  1.95734E+15 0.11397 
   97   97    1    1    1    1    1    1    1    1  3.00126E+15 0.12888 
   98   98    1    1    1    1    1    1    1    1  2.61912E+15 0.10929 
   99   99    1    1    1    1    1    1    1    1  3.16341E+15 0.10168 
  100  100    1    1    1    1    1    1    1    1  3.16376E+15 0.15593 
  101  101    1    1    1    1    1    1    1    1  2.75067E+15 0.16157 
  102  102    1    1    1    1    1    1    1    1  2.64970E+15 0.14593 
  103  103    1    1    1    1    1    1    1    1  3.40739E+15 0.11353 
  104  104    1    1    1    1    1    1    1    1  4.08929E+15 0.16452 
  105  105    1    1    1    1    1    1    1    1  4.82697E+15 0.07923 
  106  106    1    1    1    1    1    1    1    1  6.05136E+15 0.07851 
  107  107    1    1    1    1    1    1    1    1  5.79869E+15 0.07637 
  108  108    1    1    1    1    1    1    1    1  7.09260E+15 0.05901 
  109  109    1    1    1    1    1    1    1    1  9.91055E+15 0.09386 
