
DETspectrum = [
    1    1    1    1    1    1    1    1    1    1  0.00000E+00 0.00000 
    2    2    1    1    1    1    1    1    1    1  0.00000E+00 0.00000 
    3    3    1    1    1    1    1    1    1    1  0.00000E+00 0.00000 
    4    4    1    1    1    1    1    1    1    1  0.00000E+00 0.00000 
    5    5    1    1    1    1    1    1    1    1  0.00000E+00 0.00000 
    6    6    1    1    1    1    1    1    1    1  0.00000E+00 0.00000 
    7    7    1    1    1    1    1    1    1    1  0.00000E+00 0.00000 
    8    8    1    1    1    1    1    1    1    1  0.00000E+00 0.00000 
    9    9    1    1    1    1    1    1    1    1  0.00000E+00 0.00000 
   10   10    1    1    1    1    1    1    1    1  0.00000E+00 0.00000 
   11   11    1    1    1    1    1    1    1    1  0.00000E+00 0.00000 
   12   12    1    1    1    1    1    1    1    1  0.00000E+00 0.00000 
   13   13    1    1    1    1    1    1    1    1  0.00000E+00 0.00000 
   14   14    1    1    1    1    1    1    1    1  0.00000E+00 0.00000 
   15   15    1    1    1    1    1    1    1    1  0.00000E+00 0.00000 
   16   16    1    1    1    1    1    1    1    1  0.00000E+00 0.00000 
   17   17    1    1    1    1    1    1    1    1  0.00000E+00 0.00000 
   18   18    1    1    1    1    1    1    1    1  0.00000E+00 0.00000 
   19   19    1    1    1    1    1    1    1    1  0.00000E+00 0.00000 
   20   20    1    1    1    1    1    1    1    1  0.00000E+00 0.00000 
   21   21    1    1    1    1    1    1    1    1  0.00000E+00 0.00000 
   22   22    1    1    1    1    1    1    1    1  0.00000E+00 0.00000 
   23   23    1    1    1    1    1    1    1    1  7.53695E+12 1.00000 
   24   24    1    1    1    1    1    1    1    1  0.00000E+00 0.00000 
   25   25    1    1    1    1    1    1    1    1  0.00000E+00 0.00000 
   26   26    1    1    1    1    1    1    1    1  0.00000E+00 0.00000 
   27   27    1    1    1    1    1    1    1    1  0.00000E+00 0.00000 
   28   28    1    1    1    1    1    1    1    1  1.67908E+13 1.00000 
   29   29    1    1    1    1    1    1    1    1  0.00000E+00 0.00000 
   30   30    1    1    1    1    1    1    1    1  0.00000E+00 0.00000 
   31   31    1    1    1    1    1    1    1    1  0.00000E+00 0.00000 
   32   32    1    1    1    1    1    1    1    1  5.26758E+13 0.65244 
   33   33    1    1    1    1    1    1    1    1  2.22484E+13 0.71960 
   34   34    1    1    1    1    1    1    1    1  9.61730E+12 1.00000 
   35   35    1    1    1    1    1    1    1    1  1.42276E+14 0.50959 
   36   36    1    1    1    1    1    1    1    1  6.45706E+13 0.63354 
   37   37    1    1    1    1    1    1    1    1  3.22000E+13 0.90770 
   38   38    1    1    1    1    1    1    1    1  1.27234E+14 0.50559 
   39   39    1    1    1    1    1    1    1    1  8.40753E+13 0.64914 
   40   40    1    1    1    1    1    1    1    1  4.68437E+13 1.00000 
   41   41    1    1    1    1    1    1    1    1  6.40313E+13 0.55466 
   42   42    1    1    1    1    1    1    1    1  1.06549E+14 0.67471 
   43   43    1    1    1    1    1    1    1    1  1.84119E+14 0.51434 
   44   44    1    1    1    1    1    1    1    1  1.81771E+14 0.57446 
   45   45    1    1    1    1    1    1    1    1  5.43641E+13 0.67444 
   46   46    1    1    1    1    1    1    1    1  2.28126E+14 0.50059 
   47   47    1    1    1    1    1    1    1    1  8.79774E+13 0.87345 
   48   48    1    1    1    1    1    1    1    1  2.22415E+14 0.54302 
   49   49    1    1    1    1    1    1    1    1  1.38005E+14 0.72537 
   50   50    1    1    1    1    1    1    1    1  1.38266E+14 1.00000 
   51   51    1    1    1    1    1    1    1    1  1.77810E+14 1.00000 
   52   52    1    1    1    1    1    1    1    1  0.00000E+00 0.00000 
   53   53    1    1    1    1    1    1    1    1  9.78994E+14 0.42639 
   54   54    1    1    1    1    1    1    1    1  0.00000E+00 0.00000 
   55   55    1    1    1    1    1    1    1    1  0.00000E+00 0.00000 
   56   56    1    1    1    1    1    1    1    1  3.83615E+14 0.70442 
   57   57    1    1    1    1    1    1    1    1  6.22415E+14 0.54338 
   58   58    1    1    1    1    1    1    1    1  0.00000E+00 0.00000 
   59   59    1    1    1    1    1    1    1    1  3.30024E+14 0.71331 
   60   60    1    1    1    1    1    1    1    1  4.57271E+14 0.61303 
   61   61    1    1    1    1    1    1    1    1  1.39207E+14 1.00000 
   62   62    1    1    1    1    1    1    1    1  2.02316E+14 1.00000 
   63   63    1    1    1    1    1    1    1    1  3.49798E+14 0.71843 
   64   64    1    1    1    1    1    1    1    1  5.17218E+14 0.66632 
   65   65    1    1    1    1    1    1    1    1  2.94156E+14 0.85448 
   66   66    1    1    1    1    1    1    1    1  1.59002E+14 0.58966 
   67   67    1    1    1    1    1    1    1    1  1.50891E+13 1.00000 
   68   68    1    1    1    1    1    1    1    1  1.33466E+14 0.73241 
   69   69    1    1    1    1    1    1    1    1  6.60102E+13 0.58660 
   70   70    1    1    1    1    1    1    1    1  1.03116E+14 0.51389 
   71   71    1    1    1    1    1    1    1    1  2.06391E+14 0.45473 
   72   72    1    1    1    1    1    1    1    1  2.42478E+14 0.55161 
   73   73    1    1    1    1    1    1    1    1  1.66766E+14 0.46862 
   74   74    1    1    1    1    1    1    1    1  4.50361E+14 0.40018 
   75   75    1    1    1    1    1    1    1    1  1.58562E+14 0.45246 
   76   76    1    1    1    1    1    1    1    1  2.83853E+14 0.36981 
   77   77    1    1    1    1    1    1    1    1  2.77339E+14 0.36761 
   78   78    1    1    1    1    1    1    1    1  3.92811E+14 0.44371 
   79   79    1    1    1    1    1    1    1    1  3.64422E+14 0.38120 
   80   80    1    1    1    1    1    1    1    1  3.88365E+14 0.35016 
   81   81    1    1    1    1    1    1    1    1  5.08481E+14 0.32810 
   82   82    1    1    1    1    1    1    1    1  4.98957E+14 0.50952 
   83   83    1    1    1    1    1    1    1    1  7.26479E+14 0.34866 
   84   84    1    1    1    1    1    1    1    1  6.50872E+14 0.30973 
   85   85    1    1    1    1    1    1    1    1  4.63771E+14 0.37476 
   86   86    1    1    1    1    1    1    1    1  6.26450E+14 0.29916 
   87   87    1    1    1    1    1    1    1    1  5.25482E+14 0.29265 
   88   88    1    1    1    1    1    1    1    1  8.65057E+14 0.24732 
   89   89    1    1    1    1    1    1    1    1  6.14636E+14 0.31886 
   90   90    1    1    1    1    1    1    1    1  1.94817E+14 0.85025 
   91   91    1    1    1    1    1    1    1    1  9.39419E+14 0.37143 
   92   92    1    1    1    1    1    1    1    1  8.08122E+14 0.30914 
   93   93    1    1    1    1    1    1    1    1  8.95845E+14 0.19770 
   94   94    1    1    1    1    1    1    1    1  7.66979E+14 0.24786 
   95   95    1    1    1    1    1    1    1    1  1.28778E+15 0.20162 
   96   96    1    1    1    1    1    1    1    1  1.74551E+15 0.13856 
   97   97    1    1    1    1    1    1    1    1  2.12298E+15 0.13688 
   98   98    1    1    1    1    1    1    1    1  2.15683E+15 0.12323 
   99   99    1    1    1    1    1    1    1    1  2.70137E+15 0.12445 
  100  100    1    1    1    1    1    1    1    1  3.13438E+15 0.13336 
  101  101    1    1    1    1    1    1    1    1  3.23976E+15 0.15219 
  102  102    1    1    1    1    1    1    1    1  2.56985E+15 0.13600 
  103  103    1    1    1    1    1    1    1    1  2.87459E+15 0.13797 
  104  104    1    1    1    1    1    1    1    1  3.75163E+15 0.13749 
  105  105    1    1    1    1    1    1    1    1  4.51598E+15 0.08097 
  106  106    1    1    1    1    1    1    1    1  5.71719E+15 0.08001 
  107  107    1    1    1    1    1    1    1    1  5.89863E+15 0.08142 
  108  108    1    1    1    1    1    1    1    1  5.62986E+15 0.06488 
  109  109    1    1    1    1    1    1    1    1  8.56840E+15 0.09402 
