
DETspectrum = [
    1    1    1    1    1    1    1    1    1    1  0.00000E+00 0.00000 
    2    2    1    1    1    1    1    1    1    1  0.00000E+00 0.00000 
    3    3    1    1    1    1    1    1    1    1  0.00000E+00 0.00000 
    4    4    1    1    1    1    1    1    1    1  0.00000E+00 0.00000 
    5    5    1    1    1    1    1    1    1    1  0.00000E+00 0.00000 
    6    6    1    1    1    1    1    1    1    1  0.00000E+00 0.00000 
    7    7    1    1    1    1    1    1    1    1  0.00000E+00 0.00000 
    8    8    1    1    1    1    1    1    1    1  0.00000E+00 0.00000 
    9    9    1    1    1    1    1    1    1    1  0.00000E+00 0.00000 
   10   10    1    1    1    1    1    1    1    1  0.00000E+00 0.00000 
   11   11    1    1    1    1    1    1    1    1  0.00000E+00 0.00000 
   12   12    1    1    1    1    1    1    1    1  0.00000E+00 0.00000 
   13   13    1    1    1    1    1    1    1    1  0.00000E+00 0.00000 
   14   14    1    1    1    1    1    1    1    1  0.00000E+00 0.00000 
   15   15    1    1    1    1    1    1    1    1  0.00000E+00 0.00000 
   16   16    1    1    1    1    1    1    1    1  0.00000E+00 0.00000 
   17   17    1    1    1    1    1    1    1    1  0.00000E+00 0.00000 
   18   18    1    1    1    1    1    1    1    1  0.00000E+00 0.00000 
   19   19    1    1    1    1    1    1    1    1  0.00000E+00 0.00000 
   20   20    1    1    1    1    1    1    1    1  0.00000E+00 0.00000 
   21   21    1    1    1    1    1    1    1    1  0.00000E+00 0.00000 
   22   22    1    1    1    1    1    1    1    1  0.00000E+00 0.00000 
   23   23    1    1    1    1    1    1    1    1  0.00000E+00 0.00000 
   24   24    1    1    1    1    1    1    1    1  0.00000E+00 0.00000 
   25   25    1    1    1    1    1    1    1    1  0.00000E+00 0.00000 
   26   26    1    1    1    1    1    1    1    1  0.00000E+00 0.00000 
   27   27    1    1    1    1    1    1    1    1  9.76405E+12 1.00000 
   28   28    1    1    1    1    1    1    1    1  0.00000E+00 0.00000 
   29   29    1    1    1    1    1    1    1    1  0.00000E+00 0.00000 
   30   30    1    1    1    1    1    1    1    1  0.00000E+00 0.00000 
   31   31    1    1    1    1    1    1    1    1  1.56822E+13 1.00000 
   32   32    1    1    1    1    1    1    1    1  0.00000E+00 0.00000 
   33   33    1    1    1    1    1    1    1    1  4.41330E+12 1.00000 
   34   34    1    1    1    1    1    1    1    1  0.00000E+00 0.00000 
   35   35    1    1    1    1    1    1    1    1  2.60714E+12 1.00000 
   36   36    1    1    1    1    1    1    1    1  3.26374E+13 0.65818 
   37   37    1    1    1    1    1    1    1    1  4.70221E+13 0.65116 
   38   38    1    1    1    1    1    1    1    1  6.64258E+13 0.64880 
   39   39    1    1    1    1    1    1    1    1  1.50371E+13 0.70414 
   40   40    1    1    1    1    1    1    1    1  1.14129E+14 0.80895 
   41   41    1    1    1    1    1    1    1    1  4.56122E+13 0.58763 
   42   42    1    1    1    1    1    1    1    1  1.73269E+14 0.54085 
   43   43    1    1    1    1    1    1    1    1  4.72852E+13 0.61830 
   44   44    1    1    1    1    1    1    1    1  9.56511E+13 0.49824 
   45   45    1    1    1    1    1    1    1    1  2.26741E+14 0.52979 
   46   46    1    1    1    1    1    1    1    1  1.72771E+14 0.48625 
   47   47    1    1    1    1    1    1    1    1  2.14905E+14 0.66017 
   48   48    1    1    1    1    1    1    1    1  1.30936E+14 0.58704 
   49   49    1    1    1    1    1    1    1    1  8.30918E+13 0.86649 
   50   50    1    1    1    1    1    1    1    1  1.22864E+14 0.78594 
   51   51    1    1    1    1    1    1    1    1  2.17008E+14 0.86346 
   52   52    1    1    1    1    1    1    1    1  1.62631E+14 0.82917 
   53   53    1    1    1    1    1    1    1    1  3.14848E+13 1.00000 
   54   54    1    1    1    1    1    1    1    1  0.00000E+00 0.00000 
   55   55    1    1    1    1    1    1    1    1  0.00000E+00 0.00000 
   56   56    1    1    1    1    1    1    1    1  3.24200E+13 1.00000 
   57   57    1    1    1    1    1    1    1    1  6.54607E+13 1.00000 
   58   58    1    1    1    1    1    1    1    1  2.32541E+14 0.86841 
   59   59    1    1    1    1    1    1    1    1  2.01304E+14 1.00000 
   60   60    1    1    1    1    1    1    1    1  2.03120E+14 1.00000 
   61   61    1    1    1    1    1    1    1    1  1.07844E+14 0.75149 
   62   62    1    1    1    1    1    1    1    1  0.00000E+00 0.00000 
   63   63    1    1    1    1    1    1    1    1  1.75249E+14 0.65525 
   64   64    1    1    1    1    1    1    1    1  2.46675E+14 0.86398 
   65   65    1    1    1    1    1    1    1    1  1.14912E+14 0.78404 
   66   66    1    1    1    1    1    1    1    1  2.99248E+13 0.70416 
   67   67    1    1    1    1    1    1    1    1  1.78363E+14 0.66961 
   68   68    1    1    1    1    1    1    1    1  1.26736E+14 0.49102 
   69   69    1    1    1    1    1    1    1    1  1.22097E+14 0.74695 
   70   70    1    1    1    1    1    1    1    1  2.11132E+14 0.68107 
   71   71    1    1    1    1    1    1    1    1  1.32455E+14 0.48132 
   72   72    1    1    1    1    1    1    1    1  2.92777E+14 0.44564 
   73   73    1    1    1    1    1    1    1    1  1.95616E+14 0.62322 
   74   74    1    1    1    1    1    1    1    1  1.69852E+14 0.45092 
   75   75    1    1    1    1    1    1    1    1  2.79511E+14 0.41549 
   76   76    1    1    1    1    1    1    1    1  3.48239E+14 0.28061 
   77   77    1    1    1    1    1    1    1    1  4.74322E+14 0.34685 
   78   78    1    1    1    1    1    1    1    1  4.51981E+14 0.35692 
   79   79    1    1    1    1    1    1    1    1  4.50051E+14 0.37693 
   80   80    1    1    1    1    1    1    1    1  4.14398E+14 0.32947 
   81   81    1    1    1    1    1    1    1    1  4.85353E+14 0.30366 
   82   82    1    1    1    1    1    1    1    1  5.91416E+14 0.36167 
   83   83    1    1    1    1    1    1    1    1  8.39555E+14 0.28024 
   84   84    1    1    1    1    1    1    1    1  4.76918E+14 0.38398 
   85   85    1    1    1    1    1    1    1    1  8.65210E+14 0.31963 
   86   86    1    1    1    1    1    1    1    1  6.53260E+14 0.28548 
   87   87    1    1    1    1    1    1    1    1  1.03023E+15 0.26358 
   88   88    1    1    1    1    1    1    1    1  8.05338E+14 0.27550 
   89   89    1    1    1    1    1    1    1    1  1.00424E+15 0.23842 
   90   90    1    1    1    1    1    1    1    1  1.43543E+15 0.42779 
   91   91    1    1    1    1    1    1    1    1  8.69652E+14 0.36930 
   92   92    1    1    1    1    1    1    1    1  9.06980E+14 0.29608 
   93   93    1    1    1    1    1    1    1    1  1.02098E+15 0.19254 
   94   94    1    1    1    1    1    1    1    1  8.87559E+14 0.24361 
   95   95    1    1    1    1    1    1    1    1  1.34905E+15 0.16367 
   96   96    1    1    1    1    1    1    1    1  1.66567E+15 0.10899 
   97   97    1    1    1    1    1    1    1    1  2.39546E+15 0.16021 
   98   98    1    1    1    1    1    1    1    1  2.71169E+15 0.12605 
   99   99    1    1    1    1    1    1    1    1  2.96285E+15 0.10923 
  100  100    1    1    1    1    1    1    1    1  3.32286E+15 0.15796 
  101  101    1    1    1    1    1    1    1    1  3.25221E+15 0.12912 
  102  102    1    1    1    1    1    1    1    1  3.56254E+15 0.13905 
  103  103    1    1    1    1    1    1    1    1  2.96415E+15 0.13159 
  104  104    1    1    1    1    1    1    1    1  4.31517E+15 0.13706 
  105  105    1    1    1    1    1    1    1    1  4.73586E+15 0.08352 
  106  106    1    1    1    1    1    1    1    1  5.33314E+15 0.09159 
  107  107    1    1    1    1    1    1    1    1  5.86114E+15 0.07347 
  108  108    1    1    1    1    1    1    1    1  6.91742E+15 0.06002 
  109  109    1    1    1    1    1    1    1    1  8.86412E+15 0.09982 
