
DETspectrum = [
    1    1    1    1    1    1    1    1    1    1  0.00000E+00 0.00000 
    2    2    1    1    1    1    1    1    1    1  0.00000E+00 0.00000 
    3    3    1    1    1    1    1    1    1    1  0.00000E+00 0.00000 
    4    4    1    1    1    1    1    1    1    1  0.00000E+00 0.00000 
    5    5    1    1    1    1    1    1    1    1  0.00000E+00 0.00000 
    6    6    1    1    1    1    1    1    1    1  0.00000E+00 0.00000 
    7    7    1    1    1    1    1    1    1    1  0.00000E+00 0.00000 
    8    8    1    1    1    1    1    1    1    1  0.00000E+00 0.00000 
    9    9    1    1    1    1    1    1    1    1  0.00000E+00 0.00000 
   10   10    1    1    1    1    1    1    1    1  0.00000E+00 0.00000 
   11   11    1    1    1    1    1    1    1    1  0.00000E+00 0.00000 
   12   12    1    1    1    1    1    1    1    1  0.00000E+00 0.00000 
   13   13    1    1    1    1    1    1    1    1  0.00000E+00 0.00000 
   14   14    1    1    1    1    1    1    1    1  0.00000E+00 0.00000 
   15   15    1    1    1    1    1    1    1    1  0.00000E+00 0.00000 
   16   16    1    1    1    1    1    1    1    1  0.00000E+00 0.00000 
   17   17    1    1    1    1    1    1    1    1  0.00000E+00 0.00000 
   18   18    1    1    1    1    1    1    1    1  0.00000E+00 0.00000 
   19   19    1    1    1    1    1    1    1    1  0.00000E+00 0.00000 
   20   20    1    1    1    1    1    1    1    1  0.00000E+00 0.00000 
   21   21    1    1    1    1    1    1    1    1  0.00000E+00 0.00000 
   22   22    1    1    1    1    1    1    1    1  0.00000E+00 0.00000 
   23   23    1    1    1    1    1    1    1    1  0.00000E+00 0.00000 
   24   24    1    1    1    1    1    1    1    1  0.00000E+00 0.00000 
   25   25    1    1    1    1    1    1    1    1  0.00000E+00 0.00000 
   26   26    1    1    1    1    1    1    1    1  0.00000E+00 0.00000 
   27   27    1    1    1    1    1    1    1    1  0.00000E+00 0.00000 
   28   28    1    1    1    1    1    1    1    1  0.00000E+00 0.00000 
   29   29    1    1    1    1    1    1    1    1  0.00000E+00 0.00000 
   30   30    1    1    1    1    1    1    1    1  0.00000E+00 0.00000 
   31   31    1    1    1    1    1    1    1    1  0.00000E+00 0.00000 
   32   32    1    1    1    1    1    1    1    1  0.00000E+00 0.00000 
   33   33    1    1    1    1    1    1    1    1  1.31382E+13 1.00000 
   34   34    1    1    1    1    1    1    1    1  4.70085E+12 1.00000 
   35   35    1    1    1    1    1    1    1    1  2.56425E+12 1.00000 
   36   36    1    1    1    1    1    1    1    1  1.72445E+13 1.00000 
   37   37    1    1    1    1    1    1    1    1  3.18784E+12 1.00000 
   38   38    1    1    1    1    1    1    1    1  1.40959E+13 0.70414 
   39   39    1    1    1    1    1    1    1    1  1.50617E+13 0.70414 
   40   40    1    1    1    1    1    1    1    1  4.70594E+13 0.74175 
   41   41    1    1    1    1    1    1    1    1  1.66250E+13 0.78730 
   42   42    1    1    1    1    1    1    1    1  1.79069E+13 0.78717 
   43   43    1    1    1    1    1    1    1    1  3.86654E+13 0.49513 
   44   44    1    1    1    1    1    1    1    1  1.19871E+14 0.76353 
   45   45    1    1    1    1    1    1    1    1  3.26578E+13 0.61899 
   46   46    1    1    1    1    1    1    1    1  1.47381E+14 0.59286 
   47   47    1    1    1    1    1    1    1    1  6.72631E+13 1.00000 
   48   48    1    1    1    1    1    1    1    1  6.03265E+13 0.66269 
   49   49    1    1    1    1    1    1    1    1  2.46104E+13 0.70416 
   50   50    1    1    1    1    1    1    1    1  0.00000E+00 0.00000 
   51   51    1    1    1    1    1    1    1    1  3.16004E+13 1.00000 
   52   52    1    1    1    1    1    1    1    1  3.19185E+13 1.00000 
   53   53    1    1    1    1    1    1    1    1  0.00000E+00 0.00000 
   54   54    1    1    1    1    1    1    1    1  0.00000E+00 0.00000 
   55   55    1    1    1    1    1    1    1    1  3.22783E+13 1.00000 
   56   56    1    1    1    1    1    1    1    1  6.74692E+13 1.00000 
   57   57    1    1    1    1    1    1    1    1  6.79387E+13 0.70413 
   58   58    1    1    1    1    1    1    1    1  0.00000E+00 0.00000 
   59   59    1    1    1    1    1    1    1    1  0.00000E+00 0.00000 
   60   60    1    1    1    1    1    1    1    1  0.00000E+00 0.00000 
   61   61    1    1    1    1    1    1    1    1  0.00000E+00 0.00000 
   62   62    1    1    1    1    1    1    1    1  0.00000E+00 0.00000 
   63   63    1    1    1    1    1    1    1    1  0.00000E+00 0.00000 
   64   64    1    1    1    1    1    1    1    1  0.00000E+00 0.00000 
   65   65    1    1    1    1    1    1    1    1  0.00000E+00 0.00000 
   66   66    1    1    1    1    1    1    1    1  9.79998E+13 0.86289 
   67   67    1    1    1    1    1    1    1    1  1.72902E+14 0.59922 
   68   68    1    1    1    1    1    1    1    1  1.90642E+14 0.55806 
   69   69    1    1    1    1    1    1    1    1  5.07556E+13 0.85821 
   70   70    1    1    1    1    1    1    1    1  1.22520E+14 0.75136 
   71   71    1    1    1    1    1    1    1    1  4.26681E+13 0.81890 
   72   72    1    1    1    1    1    1    1    1  2.69842E+13 0.74639 
   73   73    1    1    1    1    1    1    1    1  1.00953E+14 0.69216 
   74   74    1    1    1    1    1    1    1    1  1.64886E+14 0.44501 
   75   75    1    1    1    1    1    1    1    1  1.51723E+14 0.46823 
   76   76    1    1    1    1    1    1    1    1  6.85517E+13 0.49208 
   77   77    1    1    1    1    1    1    1    1  2.44096E+14 0.38710 
   78   78    1    1    1    1    1    1    1    1  3.49474E+14 0.43329 
   79   79    1    1    1    1    1    1    1    1  3.85428E+14 0.34348 
   80   80    1    1    1    1    1    1    1    1  4.91884E+14 0.34527 
   81   81    1    1    1    1    1    1    1    1  1.81371E+14 0.57300 
   82   82    1    1    1    1    1    1    1    1  4.59222E+14 0.28894 
   83   83    1    1    1    1    1    1    1    1  3.50235E+14 0.34858 
   84   84    1    1    1    1    1    1    1    1  7.36981E+14 0.28131 
   85   85    1    1    1    1    1    1    1    1  7.11277E+14 0.27790 
   86   86    1    1    1    1    1    1    1    1  7.98354E+14 0.30965 
   87   87    1    1    1    1    1    1    1    1  3.64414E+14 0.35376 
   88   88    1    1    1    1    1    1    1    1  9.20486E+14 0.27351 
   89   89    1    1    1    1    1    1    1    1  2.24457E+14 0.47673 
   90   90    1    1    1    1    1    1    1    1  7.99122E+14 0.45955 
   91   91    1    1    1    1    1    1    1    1  4.01749E+14 0.44510 
   92   92    1    1    1    1    1    1    1    1  6.21838E+14 0.32253 
   93   93    1    1    1    1    1    1    1    1  6.39690E+14 0.20993 
   94   94    1    1    1    1    1    1    1    1  7.32466E+14 0.23097 
   95   95    1    1    1    1    1    1    1    1  1.28376E+15 0.20693 
   96   96    1    1    1    1    1    1    1    1  1.48884E+15 0.14922 
   97   97    1    1    1    1    1    1    1    1  1.38111E+15 0.18060 
   98   98    1    1    1    1    1    1    1    1  1.67831E+15 0.14346 
   99   99    1    1    1    1    1    1    1    1  1.92320E+15 0.12928 
  100  100    1    1    1    1    1    1    1    1  2.54318E+15 0.14976 
  101  101    1    1    1    1    1    1    1    1  2.04659E+15 0.16924 
  102  102    1    1    1    1    1    1    1    1  3.12334E+15 0.16171 
  103  103    1    1    1    1    1    1    1    1  1.95395E+15 0.12478 
  104  104    1    1    1    1    1    1    1    1  2.83650E+15 0.17008 
  105  105    1    1    1    1    1    1    1    1  4.08678E+15 0.09628 
  106  106    1    1    1    1    1    1    1    1  4.27966E+15 0.09493 
  107  107    1    1    1    1    1    1    1    1  4.92795E+15 0.07924 
  108  108    1    1    1    1    1    1    1    1  5.43689E+15 0.07005 
  109  109    1    1    1    1    1    1    1    1  7.34103E+15 0.09820 
