
DETspectrum = [
    1    1    1    1    1    1    1    1    1    1  0.00000E+00 0.00000 
    2    2    1    1    1    1    1    1    1    1  0.00000E+00 0.00000 
    3    3    1    1    1    1    1    1    1    1  0.00000E+00 0.00000 
    4    4    1    1    1    1    1    1    1    1  0.00000E+00 0.00000 
    5    5    1    1    1    1    1    1    1    1  0.00000E+00 0.00000 
    6    6    1    1    1    1    1    1    1    1  0.00000E+00 0.00000 
    7    7    1    1    1    1    1    1    1    1  0.00000E+00 0.00000 
    8    8    1    1    1    1    1    1    1    1  0.00000E+00 0.00000 
    9    9    1    1    1    1    1    1    1    1  0.00000E+00 0.00000 
   10   10    1    1    1    1    1    1    1    1  0.00000E+00 0.00000 
   11   11    1    1    1    1    1    1    1    1  0.00000E+00 0.00000 
   12   12    1    1    1    1    1    1    1    1  0.00000E+00 0.00000 
   13   13    1    1    1    1    1    1    1    1  0.00000E+00 0.00000 
   14   14    1    1    1    1    1    1    1    1  0.00000E+00 0.00000 
   15   15    1    1    1    1    1    1    1    1  0.00000E+00 0.00000 
   16   16    1    1    1    1    1    1    1    1  0.00000E+00 0.00000 
   17   17    1    1    1    1    1    1    1    1  0.00000E+00 0.00000 
   18   18    1    1    1    1    1    1    1    1  0.00000E+00 0.00000 
   19   19    1    1    1    1    1    1    1    1  0.00000E+00 0.00000 
   20   20    1    1    1    1    1    1    1    1  1.21425E+13 1.00000 
   21   21    1    1    1    1    1    1    1    1  2.27453E+12 1.00000 
   22   22    1    1    1    1    1    1    1    1  0.00000E+00 0.00000 
   23   23    1    1    1    1    1    1    1    1  1.48519E+13 0.70413 
   24   24    1    1    1    1    1    1    1    1  9.21445E+12 1.00000 
   25   25    1    1    1    1    1    1    1    1  4.38937E+13 0.60974 
   26   26    1    1    1    1    1    1    1    1  9.10673E+13 0.57548 
   27   27    1    1    1    1    1    1    1    1  4.32990E+13 0.66111 
   28   28    1    1    1    1    1    1    1    1  6.00060E+13 0.59581 
   29   29    1    1    1    1    1    1    1    1  8.26868E+13 0.52719 
   30   30    1    1    1    1    1    1    1    1  8.35799E+13 0.57497 
   31   31    1    1    1    1    1    1    1    1  5.42110E+13 0.66556 
   32   32    1    1    1    1    1    1    1    1  1.02090E+14 0.65146 
   33   33    1    1    1    1    1    1    1    1  7.60917E+13 0.57250 
   34   34    1    1    1    1    1    1    1    1  5.92499E+13 0.65372 
   35   35    1    1    1    1    1    1    1    1  2.47123E+14 0.35458 
   36   36    1    1    1    1    1    1    1    1  1.67605E+14 0.49924 
   37   37    1    1    1    1    1    1    1    1  1.80294E+14 0.35832 
   38   38    1    1    1    1    1    1    1    1  1.13925E+14 0.40054 
   39   39    1    1    1    1    1    1    1    1  2.64805E+14 0.37222 
   40   40    1    1    1    1    1    1    1    1  1.38243E+14 0.69082 
   41   41    1    1    1    1    1    1    1    1  1.74215E+14 0.38059 
   42   42    1    1    1    1    1    1    1    1  2.13589E+14 0.44742 
   43   43    1    1    1    1    1    1    1    1  1.03750E+14 0.62777 
   44   44    1    1    1    1    1    1    1    1  1.72754E+14 0.49943 
   45   45    1    1    1    1    1    1    1    1  2.99184E+14 0.35807 
   46   46    1    1    1    1    1    1    1    1  4.20152E+14 0.44012 
   47   47    1    1    1    1    1    1    1    1  2.28147E+14 0.54696 
   48   48    1    1    1    1    1    1    1    1  2.09195E+14 0.52293 
   49   49    1    1    1    1    1    1    1    1  1.52688E+14 0.65290 
   50   50    1    1    1    1    1    1    1    1  3.07524E+13 1.00000 
   51   51    1    1    1    1    1    1    1    1  0.00000E+00 0.00000 
   52   52    1    1    1    1    1    1    1    1  1.82004E+14 1.00000 
   53   53    1    1    1    1    1    1    1    1  4.30611E+14 0.86494 
   54   54    1    1    1    1    1    1    1    1  3.22965E+13 1.00000 
   55   55    1    1    1    1    1    1    1    1  6.31696E+14 0.51800 
   56   56    1    1    1    1    1    1    1    1  3.80704E+14 0.70414 
   57   57    1    1    1    1    1    1    1    1  6.58873E+13 0.70416 
   58   58    1    1    1    1    1    1    1    1  1.33100E+14 0.60802 
   59   59    1    1    1    1    1    1    1    1  3.33718E+13 1.00000 
   60   60    1    1    1    1    1    1    1    1  0.00000E+00 0.00000 
   61   61    1    1    1    1    1    1    1    1  2.76165E+14 0.77021 
   62   62    1    1    1    1    1    1    1    1  3.47657E+13 1.00000 
   63   63    1    1    1    1    1    1    1    1  2.38311E+14 0.86417 
   64   64    1    1    1    1    1    1    1    1  4.18896E+14 0.70413 
   65   65    1    1    1    1    1    1    1    1  2.38130E+14 0.51356 
   66   66    1    1    1    1    1    1    1    1  3.03590E+14 0.64096 
   67   67    1    1    1    1    1    1    1    1  3.25826E+14 0.50322 
   68   68    1    1    1    1    1    1    1    1  4.65203E+13 0.57259 
   69   69    1    1    1    1    1    1    1    1  7.87936E+13 0.63842 
   70   70    1    1    1    1    1    1    1    1  2.65219E+14 0.40772 
   71   71    1    1    1    1    1    1    1    1  4.49003E+14 0.43070 
   72   72    1    1    1    1    1    1    1    1  2.81585E+14 0.46600 
   73   73    1    1    1    1    1    1    1    1  2.14003E+14 0.42227 
   74   74    1    1    1    1    1    1    1    1  2.39363E+14 0.36416 
   75   75    1    1    1    1    1    1    1    1  7.17112E+14 0.35966 
   76   76    1    1    1    1    1    1    1    1  5.92546E+14 0.31301 
   77   77    1    1    1    1    1    1    1    1  3.29143E+14 0.38062 
   78   78    1    1    1    1    1    1    1    1  3.07895E+14 0.44793 
   79   79    1    1    1    1    1    1    1    1  3.89377E+14 0.42165 
   80   80    1    1    1    1    1    1    1    1  4.35621E+14 0.28039 
   81   81    1    1    1    1    1    1    1    1  5.01950E+14 0.34922 
   82   82    1    1    1    1    1    1    1    1  9.65039E+14 0.30325 
   83   83    1    1    1    1    1    1    1    1  6.20870E+14 0.35871 
   84   84    1    1    1    1    1    1    1    1  6.49549E+14 0.33131 
   85   85    1    1    1    1    1    1    1    1  7.54643E+14 0.32603 
   86   86    1    1    1    1    1    1    1    1  9.90280E+14 0.28646 
   87   87    1    1    1    1    1    1    1    1  1.09615E+15 0.26571 
   88   88    1    1    1    1    1    1    1    1  9.21516E+14 0.29056 
   89   89    1    1    1    1    1    1    1    1  8.69326E+14 0.27518 
   90   90    1    1    1    1    1    1    1    1  1.02122E+15 0.45502 
   91   91    1    1    1    1    1    1    1    1  1.54559E+15 0.29257 
   92   92    1    1    1    1    1    1    1    1  9.76527E+14 0.30490 
   93   93    1    1    1    1    1    1    1    1  7.79604E+14 0.19053 
   94   94    1    1    1    1    1    1    1    1  1.18320E+15 0.18627 
   95   95    1    1    1    1    1    1    1    1  1.34982E+15 0.17906 
   96   96    1    1    1    1    1    1    1    1  1.52315E+15 0.12124 
   97   97    1    1    1    1    1    1    1    1  2.08529E+15 0.16598 
   98   98    1    1    1    1    1    1    1    1  2.86869E+15 0.12042 
   99   99    1    1    1    1    1    1    1    1  2.95175E+15 0.10762 
  100  100    1    1    1    1    1    1    1    1  2.95720E+15 0.13330 
  101  101    1    1    1    1    1    1    1    1  3.78252E+15 0.12413 
  102  102    1    1    1    1    1    1    1    1  3.58206E+15 0.12553 
  103  103    1    1    1    1    1    1    1    1  2.84123E+15 0.12614 
  104  104    1    1    1    1    1    1    1    1  3.94732E+15 0.14919 
  105  105    1    1    1    1    1    1    1    1  5.06139E+15 0.07963 
  106  106    1    1    1    1    1    1    1    1  6.16994E+15 0.07107 
  107  107    1    1    1    1    1    1    1    1  6.47944E+15 0.07506 
  108  108    1    1    1    1    1    1    1    1  6.83254E+15 0.05905 
  109  109    1    1    1    1    1    1    1    1  8.34576E+15 0.09495 
