
DETspectrum = [
    1    1    1    1    1    1    1    1    1    1  0.00000E+00 0.00000 
    2    2    1    1    1    1    1    1    1    1  1.22657E-06 0.57548 
    3    3    1    1    1    1    1    1    1    1  2.30619E-06 0.37324 
    4    4    1    1    1    1    1    1    1    1  3.42307E-04 0.15159 
    5    5    1    1    1    1    1    1    1    1  2.35028E-04 0.21795 
    6    6    1    1    1    1    1    1    1    1  5.04600E-04 0.14085 
    7    7    1    1    1    1    1    1    1    1  9.65644E-04 0.12423 
    8    8    1    1    1    1    1    1    1    1  3.70125E-03 0.08380 
    9    9    1    1    1    1    1    1    1    1  4.18613E-03 0.08362 
   10   10    1    1    1    1    1    1    1    1  6.82714E-03 0.05645 
   11   11    1    1    1    1    1    1    1    1  1.40385E-02 0.04354 
   12   12    1    1    1    1    1    1    1    1  3.73659E-02 0.02143 
   13   13    1    1    1    1    1    1    1    1  3.30767E-02 0.02769 
   14   14    1    1    1    1    1    1    1    1  1.76665E-01 0.00875 
   15   15    1    1    1    1    1    1    1    1  4.01154E-01 0.01026 
   16   16    1    1    1    1    1    1    1    1  6.15373E-01 0.00747 
   17   17    1    1    1    1    1    1    1    1  9.38966E-01 0.00666 
   18   18    1    1    1    1    1    1    1    1  1.22075E+00 0.00672 
   19   19    1    1    1    1    1    1    1    1  1.53559E+00 0.00607 
   20   20    1    1    1    1    1    1    1    1  1.83840E+00 0.00599 
   21   21    1    1    1    1    1    1    1    1  2.11098E+00 0.00545 
   22   22    1    1    1    1    1    1    1    1  2.37851E+00 0.00571 
   23   23    1    1    1    1    1    1    1    1  2.73397E+00 0.00526 
   24   24    1    1    1    1    1    1    1    1  3.10054E+00 0.00471 
   25   25    1    1    1    1    1    1    1    1  3.29839E+00 0.00483 
   26   26    1    1    1    1    1    1    1    1  3.35086E+00 0.00497 
   27   27    1    1    1    1    1    1    1    1  3.29691E+00 0.00473 
   28   28    1    1    1    1    1    1    1    1  3.18905E+00 0.00470 
   29   29    1    1    1    1    1    1    1    1  3.00155E+00 0.00503 
   30   30    1    1    1    1    1    1    1    1  2.83004E+00 0.00500 
   31   31    1    1    1    1    1    1    1    1  2.62482E+00 0.00522 
   32   32    1    1    1    1    1    1    1    1  2.43420E+00 0.00478 
   33   33    1    1    1    1    1    1    1    1  2.27877E+00 0.00518 
   34   34    1    1    1    1    1    1    1    1  2.12760E+00 0.00485 
   35   35    1    1    1    1    1    1    1    1  1.92759E+00 0.00477 
   36   36    1    1    1    1    1    1    1    1  1.70823E+00 0.00453 
   37   37    1    1    1    1    1    1    1    1  1.53814E+00 0.00495 
   38   38    1    1    1    1    1    1    1    1  1.41692E+00 0.00533 
   39   39    1    1    1    1    1    1    1    1  1.33736E+00 0.00568 
   40   40    1    1    1    1    1    1    1    1  1.29216E+00 0.00556 
   41   41    1    1    1    1    1    1    1    1  1.25506E+00 0.00435 
   42   42    1    1    1    1    1    1    1    1  1.20150E+00 0.00569 
   43   43    1    1    1    1    1    1    1    1  1.16221E+00 0.00502 
   44   44    1    1    1    1    1    1    1    1  1.12715E+00 0.00533 
   45   45    1    1    1    1    1    1    1    1  1.11618E+00 0.00540 
   46   46    1    1    1    1    1    1    1    1  1.08906E+00 0.00652 
   47   47    1    1    1    1    1    1    1    1  1.07122E+00 0.00740 
   48   48    1    1    1    1    1    1    1    1  1.05903E+00 0.00694 
   49   49    1    1    1    1    1    1    1    1  1.04946E+00 0.00775 
   50   50    1    1    1    1    1    1    1    1  1.04092E+00 0.01145 
   51   51    1    1    1    1    1    1    1    1  1.03411E+00 0.01152 
   52   52    1    1    1    1    1    1    1    1  1.03268E+00 0.01069 
   53   53    1    1    1    1    1    1    1    1  1.02877E+00 0.01103 
   54   54    1    1    1    1    1    1    1    1  1.04328E+00 0.00961 
   55   55    1    1    1    1    1    1    1    1  1.01796E+00 0.01032 
   56   56    1    1    1    1    1    1    1    1  1.01890E+00 0.01080 
   57   57    1    1    1    1    1    1    1    1  1.02299E+00 0.01169 
   58   58    1    1    1    1    1    1    1    1  1.02898E+00 0.01167 
   59   59    1    1    1    1    1    1    1    1  1.03063E+00 0.01097 
   60   60    1    1    1    1    1    1    1    1  1.01738E+00 0.01065 
   61   61    1    1    1    1    1    1    1    1  1.03217E+00 0.01076 
   62   62    1    1    1    1    1    1    1    1  1.04644E+00 0.01178 
   63   63    1    1    1    1    1    1    1    1  1.03237E+00 0.01080 
   64   64    1    1    1    1    1    1    1    1  1.07350E+00 0.01151 
   65   65    1    1    1    1    1    1    1    1  1.09761E+00 0.00780 
   66   66    1    1    1    1    1    1    1    1  1.12334E+00 0.00774 
   67   67    1    1    1    1    1    1    1    1  1.15881E+00 0.00749 
   68   68    1    1    1    1    1    1    1    1  1.18079E+00 0.00668 
   69   69    1    1    1    1    1    1    1    1  1.19203E+00 0.00630 
   70   70    1    1    1    1    1    1    1    1  1.19352E+00 0.00518 
   71   71    1    1    1    1    1    1    1    1  1.22357E+00 0.00566 
   72   72    1    1    1    1    1    1    1    1  1.27744E+00 0.00490 
   73   73    1    1    1    1    1    1    1    1  1.30268E+00 0.00561 
   74   74    1    1    1    1    1    1    1    1  1.37375E+00 0.00455 
   75   75    1    1    1    1    1    1    1    1  1.41320E+00 0.00479 
   76   76    1    1    1    1    1    1    1    1  1.40408E+00 0.00449 
   77   77    1    1    1    1    1    1    1    1  1.43241E+00 0.00517 
   78   78    1    1    1    1    1    1    1    1  1.44942E+00 0.00568 
   79   79    1    1    1    1    1    1    1    1  1.45781E+00 0.00556 
   80   80    1    1    1    1    1    1    1    1  1.47793E+00 0.00448 
   81   81    1    1    1    1    1    1    1    1  1.46506E+00 0.00558 
   82   82    1    1    1    1    1    1    1    1  1.46413E+00 0.00533 
   83   83    1    1    1    1    1    1    1    1  1.46920E+00 0.00561 
   84   84    1    1    1    1    1    1    1    1  1.45300E+00 0.00559 
   85   85    1    1    1    1    1    1    1    1  1.43859E+00 0.00545 
   86   86    1    1    1    1    1    1    1    1  1.21293E+00 0.00516 
   87   87    1    1    1    1    1    1    1    1  1.24795E+00 0.00470 
   88   88    1    1    1    1    1    1    1    1  1.53823E+00 0.00598 
   89   89    1    1    1    1    1    1    1    1  1.65105E+00 0.00510 
   90   90    1    1    1    1    1    1    1    1  1.67350E+00 0.01045 
   91   91    1    1    1    1    1    1    1    1  1.67660E+00 0.00755 
   92   92    1    1    1    1    1    1    1    1  1.67977E+00 0.00549 
   93   93    1    1    1    1    1    1    1    1  1.69234E+00 0.00323 
   94   94    1    1    1    1    1    1    1    1  1.70239E+00 0.00408 
   95   95    1    1    1    1    1    1    1    1  1.66057E+00 0.00384 
   96   96    1    1    1    1    1    1    1    1  1.67152E+00 0.00302 
   97   97    1    1    1    1    1    1    1    1  1.78793E+00 0.00415 
   98   98    1    1    1    1    1    1    1    1  1.79249E+00 0.00371 
   99   99    1    1    1    1    1    1    1    1  1.77197E+00 0.00342 
  100  100    1    1    1    1    1    1    1    1  1.80225E+00 0.00471 
  101  101    1    1    1    1    1    1    1    1  1.82473E+00 0.00433 
  102  102    1    1    1    1    1    1    1    1  1.83200E+00 0.00476 
  103  103    1    1    1    1    1    1    1    1  1.82979E+00 0.00472 
  104  104    1    1    1    1    1    1    1    1  1.88965E+00 0.00642 
  105  105    1    1    1    1    1    1    1    1  1.87205E+00 0.00270 
  106  106    1    1    1    1    1    1    1    1  2.09629E+00 0.00286 
  107  107    1    1    1    1    1    1    1    1  2.15942E+00 0.00293 
  108  108    1    1    1    1    1    1    1    1  2.12403E+00 0.00252 
  109  109    1    1    1    1    1    1    1    1  2.25315E+00 0.00424 
