
DETspectrum = [
    1    1    1    1    1    1    1    1    1    1  0.00000E+00 0.00000 
    2    2    1    1    1    1    1    1    1    1  0.00000E+00 0.00000 
    3    3    1    1    1    1    1    1    1    1  0.00000E+00 0.00000 
    4    4    1    1    1    1    1    1    1    1  0.00000E+00 0.00000 
    5    5    1    1    1    1    1    1    1    1  0.00000E+00 0.00000 
    6    6    1    1    1    1    1    1    1    1  0.00000E+00 0.00000 
    7    7    1    1    1    1    1    1    1    1  0.00000E+00 0.00000 
    8    8    1    1    1    1    1    1    1    1  0.00000E+00 0.00000 
    9    9    1    1    1    1    1    1    1    1  0.00000E+00 0.00000 
   10   10    1    1    1    1    1    1    1    1  0.00000E+00 0.00000 
   11   11    1    1    1    1    1    1    1    1  0.00000E+00 0.00000 
   12   12    1    1    1    1    1    1    1    1  0.00000E+00 0.00000 
   13   13    1    1    1    1    1    1    1    1  0.00000E+00 0.00000 
   14   14    1    1    1    1    1    1    1    1  4.70292E-08 1.00000 
   15   15    1    1    1    1    1    1    1    1  1.95534E-06 0.87218 
   16   16    1    1    1    1    1    1    1    1  5.14702E-06 0.71977 
   17   17    1    1    1    1    1    1    1    1  3.63112E-06 0.60473 
   18   18    1    1    1    1    1    1    1    1  1.31338E-05 0.73635 
   19   19    1    1    1    1    1    1    1    1  3.32238E-07 1.00000 
   20   20    1    1    1    1    1    1    1    1  1.73769E-05 0.65513 
   21   21    1    1    1    1    1    1    1    1  5.91097E-06 0.70761 
   22   22    1    1    1    1    1    1    1    1  2.04755E-05 0.42595 
   23   23    1    1    1    1    1    1    1    1  2.11859E-05 0.45063 
   24   24    1    1    1    1    1    1    1    1  3.54953E-05 0.38389 
   25   25    1    1    1    1    1    1    1    1  2.86216E-05 0.32586 
   26   26    1    1    1    1    1    1    1    1  4.51662E-05 0.32446 
   27   27    1    1    1    1    1    1    1    1  4.81011E-05 0.34440 
   28   28    1    1    1    1    1    1    1    1  1.08549E-04 0.30687 
   29   29    1    1    1    1    1    1    1    1  8.89519E-05 0.28705 
   30   30    1    1    1    1    1    1    1    1  1.14902E-04 0.29477 
   31   31    1    1    1    1    1    1    1    1  1.10810E-04 0.26670 
   32   32    1    1    1    1    1    1    1    1  1.15146E-04 0.22108 
   33   33    1    1    1    1    1    1    1    1  2.01038E-04 0.21563 
   34   34    1    1    1    1    1    1    1    1  1.61995E-04 0.19542 
   35   35    1    1    1    1    1    1    1    1  1.21243E-04 0.17765 
   36   36    1    1    1    1    1    1    1    1  2.26173E-04 0.16517 
   37   37    1    1    1    1    1    1    1    1  2.34328E-04 0.16902 
   38   38    1    1    1    1    1    1    1    1  3.25462E-04 0.16059 
   39   39    1    1    1    1    1    1    1    1  2.42270E-04 0.21431 
   40   40    1    1    1    1    1    1    1    1  3.08288E-04 0.20696 
   41   41    1    1    1    1    1    1    1    1  3.28097E-04 0.15480 
   42   42    1    1    1    1    1    1    1    1  4.19504E-04 0.14724 
   43   43    1    1    1    1    1    1    1    1  4.75153E-04 0.13733 
   44   44    1    1    1    1    1    1    1    1  4.43183E-04 0.13117 
   45   45    1    1    1    1    1    1    1    1  5.63297E-04 0.13266 
   46   46    1    1    1    1    1    1    1    1  5.60491E-04 0.17002 
   47   47    1    1    1    1    1    1    1    1  7.13265E-04 0.14651 
   48   48    1    1    1    1    1    1    1    1  5.18353E-04 0.16680 
   49   49    1    1    1    1    1    1    1    1  5.43531E-04 0.15853 
   50   50    1    1    1    1    1    1    1    1  5.69767E-04 0.23234 
   51   51    1    1    1    1    1    1    1    1  5.03010E-04 0.23115 
   52   52    1    1    1    1    1    1    1    1  8.56181E-04 0.21322 
   53   53    1    1    1    1    1    1    1    1  8.64768E-04 0.22578 
   54   54    1    1    1    1    1    1    1    1  6.59468E-04 0.22329 
   55   55    1    1    1    1    1    1    1    1  4.75072E-04 0.24634 
   56   56    1    1    1    1    1    1    1    1  7.38774E-04 0.19377 
   57   57    1    1    1    1    1    1    1    1  7.25407E-04 0.21856 
   58   58    1    1    1    1    1    1    1    1  8.97858E-04 0.19411 
   59   59    1    1    1    1    1    1    1    1  7.50282E-04 0.20533 
   60   60    1    1    1    1    1    1    1    1  5.99421E-04 0.22578 
   61   61    1    1    1    1    1    1    1    1  8.83223E-04 0.19757 
   62   62    1    1    1    1    1    1    1    1  8.79109E-04 0.22388 
   63   63    1    1    1    1    1    1    1    1  6.51648E-04 0.20448 
   64   64    1    1    1    1    1    1    1    1  5.83489E-04 0.22748 
   65   65    1    1    1    1    1    1    1    1  8.03938E-04 0.15718 
   66   66    1    1    1    1    1    1    1    1  6.47218E-04 0.16372 
   67   67    1    1    1    1    1    1    1    1  7.99061E-04 0.16294 
   68   68    1    1    1    1    1    1    1    1  7.23698E-04 0.14837 
   69   69    1    1    1    1    1    1    1    1  8.34503E-04 0.11604 
   70   70    1    1    1    1    1    1    1    1  9.14393E-04 0.11020 
   71   71    1    1    1    1    1    1    1    1  8.69418E-04 0.11236 
   72   72    1    1    1    1    1    1    1    1  1.05674E-03 0.11773 
   73   73    1    1    1    1    1    1    1    1  8.51440E-04 0.12173 
   74   74    1    1    1    1    1    1    1    1  1.10331E-03 0.08894 
   75   75    1    1    1    1    1    1    1    1  1.11072E-03 0.09466 
   76   76    1    1    1    1    1    1    1    1  1.35459E-03 0.08793 
   77   77    1    1    1    1    1    1    1    1  1.41684E-03 0.09241 
   78   78    1    1    1    1    1    1    1    1  1.57182E-03 0.09464 
   79   79    1    1    1    1    1    1    1    1  1.81158E-03 0.09812 
   80   80    1    1    1    1    1    1    1    1  1.91104E-03 0.07805 
   81   81    1    1    1    1    1    1    1    1  1.92595E-03 0.08017 
   82   82    1    1    1    1    1    1    1    1  1.99003E-03 0.08057 
   83   83    1    1    1    1    1    1    1    1  2.06793E-03 0.08738 
   84   84    1    1    1    1    1    1    1    1  2.34645E-03 0.07725 
   85   85    1    1    1    1    1    1    1    1  2.73182E-03 0.07698 
   86   86    1    1    1    1    1    1    1    1  2.70877E-03 0.06509 
   87   87    1    1    1    1    1    1    1    1  3.07462E-03 0.07478 
   88   88    1    1    1    1    1    1    1    1  2.94831E-03 0.07458 
   89   89    1    1    1    1    1    1    1    1  3.08805E-03 0.07455 
   90   90    1    1    1    1    1    1    1    1  2.94360E-03 0.11431 
   91   91    1    1    1    1    1    1    1    1  3.41943E-03 0.09282 
   92   92    1    1    1    1    1    1    1    1  3.30951E-03 0.06775 
   93   93    1    1    1    1    1    1    1    1  3.68665E-03 0.04625 
   94   94    1    1    1    1    1    1    1    1  3.44663E-03 0.05398 
   95   95    1    1    1    1    1    1    1    1  3.95326E-03 0.05001 
   96   96    1    1    1    1    1    1    1    1  5.35813E-03 0.03044 
   97   97    1    1    1    1    1    1    1    1  6.57835E-03 0.04096 
   98   98    1    1    1    1    1    1    1    1  7.41655E-03 0.03731 
   99   99    1    1    1    1    1    1    1    1  8.08298E-03 0.02936 
  100  100    1    1    1    1    1    1    1    1  8.54101E-03 0.03653 
  101  101    1    1    1    1    1    1    1    1  9.24310E-03 0.03546 
  102  102    1    1    1    1    1    1    1    1  8.46137E-03 0.03845 
  103  103    1    1    1    1    1    1    1    1  8.79139E-03 0.03756 
  104  104    1    1    1    1    1    1    1    1  1.11454E-02 0.04315 
  105  105    1    1    1    1    1    1    1    1  1.29456E-02 0.02075 
  106  106    1    1    1    1    1    1    1    1  1.53593E-02 0.02016 
  107  107    1    1    1    1    1    1    1    1  1.63693E-02 0.02061 
  108  108    1    1    1    1    1    1    1    1  1.72302E-02 0.01689 
  109  109    1    1    1    1    1    1    1    1  2.29679E-02 0.02540 
