
DETspectrum = [
    1    1    1    1    1    1    1    1    1    1  0.00000E+00 0.00000 
    2    2    1    1    1    1    1    1    1    1  0.00000E+00 0.00000 
    3    3    1    1    1    1    1    1    1    1  0.00000E+00 0.00000 
    4    4    1    1    1    1    1    1    1    1  0.00000E+00 0.00000 
    5    5    1    1    1    1    1    1    1    1  0.00000E+00 0.00000 
    6    6    1    1    1    1    1    1    1    1  0.00000E+00 0.00000 
    7    7    1    1    1    1    1    1    1    1  0.00000E+00 0.00000 
    8    8    1    1    1    1    1    1    1    1  0.00000E+00 0.00000 
    9    9    1    1    1    1    1    1    1    1  0.00000E+00 0.00000 
   10   10    1    1    1    1    1    1    1    1  0.00000E+00 0.00000 
   11   11    1    1    1    1    1    1    1    1  0.00000E+00 0.00000 
   12   12    1    1    1    1    1    1    1    1  0.00000E+00 0.00000 
   13   13    1    1    1    1    1    1    1    1  0.00000E+00 0.00000 
   14   14    1    1    1    1    1    1    1    1  0.00000E+00 0.00000 
   15   15    1    1    1    1    1    1    1    1  0.00000E+00 0.00000 
   16   16    1    1    1    1    1    1    1    1  0.00000E+00 0.00000 
   17   17    1    1    1    1    1    1    1    1  0.00000E+00 0.00000 
   18   18    1    1    1    1    1    1    1    1  0.00000E+00 0.00000 
   19   19    1    1    1    1    1    1    1    1  0.00000E+00 0.00000 
   20   20    1    1    1    1    1    1    1    1  0.00000E+00 0.00000 
   21   21    1    1    1    1    1    1    1    1  0.00000E+00 0.00000 
   22   22    1    1    1    1    1    1    1    1  0.00000E+00 0.00000 
   23   23    1    1    1    1    1    1    1    1  0.00000E+00 0.00000 
   24   24    1    1    1    1    1    1    1    1  0.00000E+00 0.00000 
   25   25    1    1    1    1    1    1    1    1  0.00000E+00 0.00000 
   26   26    1    1    1    1    1    1    1    1  0.00000E+00 0.00000 
   27   27    1    1    1    1    1    1    1    1  0.00000E+00 0.00000 
   28   28    1    1    1    1    1    1    1    1  0.00000E+00 0.00000 
   29   29    1    1    1    1    1    1    1    1  3.12420E+12 1.00000 
   30   30    1    1    1    1    1    1    1    1  0.00000E+00 0.00000 
   31   31    1    1    1    1    1    1    1    1  3.75440E+12 1.00000 
   32   32    1    1    1    1    1    1    1    1  0.00000E+00 0.00000 
   33   33    1    1    1    1    1    1    1    1  0.00000E+00 0.00000 
   34   34    1    1    1    1    1    1    1    1  0.00000E+00 0.00000 
   35   35    1    1    1    1    1    1    1    1  2.59139E+12 1.00000 
   36   36    1    1    1    1    1    1    1    1  2.91007E+12 1.00000 
   37   37    1    1    1    1    1    1    1    1  9.66248E+12 1.00000 
   38   38    1    1    1    1    1    1    1    1  1.06361E+13 1.00000 
   39   39    1    1    1    1    1    1    1    1  0.00000E+00 0.00000 
   40   40    1    1    1    1    1    1    1    1  0.00000E+00 0.00000 
   41   41    1    1    1    1    1    1    1    1  8.36804E+12 1.00000 
   42   42    1    1    1    1    1    1    1    1  0.00000E+00 0.00000 
   43   43    1    1    1    1    1    1    1    1  4.83311E+12 1.00000 
   44   44    1    1    1    1    1    1    1    1  0.00000E+00 0.00000 
   45   45    1    1    1    1    1    1    1    1  5.47984E+12 1.00000 
   46   46    1    1    1    1    1    1    1    1  2.28846E+13 1.00000 
   47   47    1    1    1    1    1    1    1    1  3.53012E+13 1.00000 
   48   48    1    1    1    1    1    1    1    1  2.41778E+13 1.00000 
   49   49    1    1    1    1    1    1    1    1  2.48225E+13 1.00000 
   50   50    1    1    1    1    1    1    1    1  3.15987E+13 1.00000 
   51   51    1    1    1    1    1    1    1    1  0.00000E+00 0.00000 
   52   52    1    1    1    1    1    1    1    1  0.00000E+00 0.00000 
   53   53    1    1    1    1    1    1    1    1  3.25727E+13 1.00000 
   54   54    1    1    1    1    1    1    1    1  6.60427E+13 1.00000 
   55   55    1    1    1    1    1    1    1    1  3.33407E+13 1.00000 
   56   56    1    1    1    1    1    1    1    1  0.00000E+00 0.00000 
   57   57    1    1    1    1    1    1    1    1  1.91049E+14 1.00000 
   58   58    1    1    1    1    1    1    1    1  3.43132E+13 1.00000 
   59   59    1    1    1    1    1    1    1    1  0.00000E+00 0.00000 
   60   60    1    1    1    1    1    1    1    1  3.48342E+13 1.00000 
   61   61    1    1    1    1    1    1    1    1  1.95597E+14 1.00000 
   62   62    1    1    1    1    1    1    1    1  0.00000E+00 0.00000 
   63   63    1    1    1    1    1    1    1    1  0.00000E+00 0.00000 
   64   64    1    1    1    1    1    1    1    1  0.00000E+00 0.00000 
   65   65    1    1    1    1    1    1    1    1  1.56615E+14 1.00000 
   66   66    1    1    1    1    1    1    1    1  3.01236E+13 1.00000 
   67   67    1    1    1    1    1    1    1    1  0.00000E+00 0.00000 
   68   68    1    1    1    1    1    1    1    1  0.00000E+00 0.00000 
   69   69    1    1    1    1    1    1    1    1  5.79362E+13 0.77048 
   70   70    1    1    1    1    1    1    1    1  4.28939E+13 0.66455 
   71   71    1    1    1    1    1    1    1    1  9.77663E+13 0.64627 
   72   72    1    1    1    1    1    1    1    1  2.71778E+13 0.74248 
   73   73    1    1    1    1    1    1    1    1  1.87475E+13 1.00000 
   74   74    1    1    1    1    1    1    1    1  1.67360E+14 0.54739 
   75   75    1    1    1    1    1    1    1    1  1.12539E+14 0.44722 
   76   76    1    1    1    1    1    1    1    1  1.05381E+14 0.43890 
   77   77    1    1    1    1    1    1    1    1  1.45242E+14 0.55884 
   78   78    1    1    1    1    1    1    1    1  2.03264E+14 0.67701 
   79   79    1    1    1    1    1    1    1    1  1.14027E+14 0.61990 
   80   80    1    1    1    1    1    1    1    1  2.18160E+14 0.45164 
   81   81    1    1    1    1    1    1    1    1  1.77103E+14 0.43389 
   82   82    1    1    1    1    1    1    1    1  3.94438E+14 0.33611 
   83   83    1    1    1    1    1    1    1    1  2.88689E+14 0.39342 
   84   84    1    1    1    1    1    1    1    1  4.28153E+14 0.32236 
   85   85    1    1    1    1    1    1    1    1  4.52272E+14 0.40383 
   86   86    1    1    1    1    1    1    1    1  7.41595E+14 0.33744 
   87   87    1    1    1    1    1    1    1    1  5.80591E+14 0.39605 
   88   88    1    1    1    1    1    1    1    1  7.75936E+14 0.26990 
   89   89    1    1    1    1    1    1    1    1  7.75835E+14 0.31990 
   90   90    1    1    1    1    1    1    1    1  6.20915E+14 0.51581 
   91   91    1    1    1    1    1    1    1    1  7.86672E+14 0.36354 
   92   92    1    1    1    1    1    1    1    1  6.62486E+14 0.35915 
   93   93    1    1    1    1    1    1    1    1  3.77675E+14 0.22716 
   94   94    1    1    1    1    1    1    1    1  7.93376E+14 0.23641 
   95   95    1    1    1    1    1    1    1    1  1.24509E+15 0.22730 
   96   96    1    1    1    1    1    1    1    1  9.60978E+14 0.15544 
   97   97    1    1    1    1    1    1    1    1  1.41289E+15 0.14208 
   98   98    1    1    1    1    1    1    1    1  1.53517E+15 0.14456 
   99   99    1    1    1    1    1    1    1    1  2.00934E+15 0.11771 
  100  100    1    1    1    1    1    1    1    1  2.45758E+15 0.14424 
  101  101    1    1    1    1    1    1    1    1  2.64970E+15 0.14414 
  102  102    1    1    1    1    1    1    1    1  2.41746E+15 0.14749 
  103  103    1    1    1    1    1    1    1    1  2.49017E+15 0.14066 
  104  104    1    1    1    1    1    1    1    1  3.05420E+15 0.15417 
  105  105    1    1    1    1    1    1    1    1  3.77121E+15 0.08731 
  106  106    1    1    1    1    1    1    1    1  4.52184E+15 0.07845 
  107  107    1    1    1    1    1    1    1    1  5.33759E+15 0.08227 
  108  108    1    1    1    1    1    1    1    1  5.73829E+15 0.06384 
  109  109    1    1    1    1    1    1    1    1  6.91407E+15 0.09684 
