
DETspectrum = [
    1    1    1    1    1    1    1    1    1    1  0.00000E+00 0.00000 
    2    2    1    1    1    1    1    1    1    1  0.00000E+00 0.00000 
    3    3    1    1    1    1    1    1    1    1  0.00000E+00 0.00000 
    4    4    1    1    1    1    1    1    1    1  0.00000E+00 0.00000 
    5    5    1    1    1    1    1    1    1    1  0.00000E+00 0.00000 
    6    6    1    1    1    1    1    1    1    1  0.00000E+00 0.00000 
    7    7    1    1    1    1    1    1    1    1  0.00000E+00 0.00000 
    8    8    1    1    1    1    1    1    1    1  0.00000E+00 0.00000 
    9    9    1    1    1    1    1    1    1    1  0.00000E+00 0.00000 
   10   10    1    1    1    1    1    1    1    1  0.00000E+00 0.00000 
   11   11    1    1    1    1    1    1    1    1  0.00000E+00 0.00000 
   12   12    1    1    1    1    1    1    1    1  0.00000E+00 0.00000 
   13   13    1    1    1    1    1    1    1    1  0.00000E+00 0.00000 
   14   14    1    1    1    1    1    1    1    1  0.00000E+00 0.00000 
   15   15    1    1    1    1    1    1    1    1  0.00000E+00 0.00000 
   16   16    1    1    1    1    1    1    1    1  0.00000E+00 0.00000 
   17   17    1    1    1    1    1    1    1    1  0.00000E+00 0.00000 
   18   18    1    1    1    1    1    1    1    1  0.00000E+00 0.00000 
   19   19    1    1    1    1    1    1    1    1  0.00000E+00 0.00000 
   20   20    1    1    1    1    1    1    1    1  0.00000E+00 0.00000 
   21   21    1    1    1    1    1    1    1    1  0.00000E+00 0.00000 
   22   22    1    1    1    1    1    1    1    1  0.00000E+00 0.00000 
   23   23    1    1    1    1    1    1    1    1  0.00000E+00 0.00000 
   24   24    1    1    1    1    1    1    1    1  0.00000E+00 0.00000 
   25   25    1    1    1    1    1    1    1    1  0.00000E+00 0.00000 
   26   26    1    1    1    1    1    1    1    1  0.00000E+00 0.00000 
   27   27    1    1    1    1    1    1    1    1  0.00000E+00 0.00000 
   28   28    1    1    1    1    1    1    1    1  0.00000E+00 0.00000 
   29   29    1    1    1    1    1    1    1    1  0.00000E+00 0.00000 
   30   30    1    1    1    1    1    1    1    1  0.00000E+00 0.00000 
   31   31    1    1    1    1    1    1    1    1  3.71377E+12 1.00000 
   32   32    1    1    1    1    1    1    1    1  8.04767E+12 1.00000 
   33   33    1    1    1    1    1    1    1    1  4.34186E+12 1.00000 
   34   34    1    1    1    1    1    1    1    1  1.39218E+13 0.74417 
   35   35    1    1    1    1    1    1    1    1  2.83405E+13 0.68096 
   36   36    1    1    1    1    1    1    1    1  6.54954E+13 0.57869 
   37   37    1    1    1    1    1    1    1    1  2.23791E+13 0.61590 
   38   38    1    1    1    1    1    1    1    1  1.07577E+13 0.74911 
   39   39    1    1    1    1    1    1    1    1  2.32158E+13 0.57261 
   40   40    1    1    1    1    1    1    1    1  9.29408E+13 0.57305 
   41   41    1    1    1    1    1    1    1    1  1.28234E+13 0.57261 
   42   42    1    1    1    1    1    1    1    1  4.38451E+12 1.00000 
   43   43    1    1    1    1    1    1    1    1  1.93801E+13 0.70445 
   44   44    1    1    1    1    1    1    1    1  2.59215E+13 0.51836 
   45   45    1    1    1    1    1    1    1    1  2.77258E+13 0.66723 
   46   46    1    1    1    1    1    1    1    1  1.39961E+14 0.70257 
   47   47    1    1    1    1    1    1    1    1  3.63132E+13 0.57252 
   48   48    1    1    1    1    1    1    1    1  1.59612E+14 0.67042 
   49   49    1    1    1    1    1    1    1    1  7.53613E+13 0.52677 
   50   50    1    1    1    1    1    1    1    1  3.26064E+13 1.00000 
   51   51    1    1    1    1    1    1    1    1  3.29376E+13 1.00000 
   52   52    1    1    1    1    1    1    1    1  2.62087E+14 0.58299 
   53   53    1    1    1    1    1    1    1    1  1.32182E+14 0.49383 
   54   54    1    1    1    1    1    1    1    1  0.00000E+00 0.00000 
   55   55    1    1    1    1    1    1    1    1  6.72935E+13 1.00000 
   56   56    1    1    1    1    1    1    1    1  0.00000E+00 0.00000 
   57   57    1    1    1    1    1    1    1    1  0.00000E+00 0.00000 
   58   58    1    1    1    1    1    1    1    1  1.39173E+14 0.78636 
   59   59    1    1    1    1    1    1    1    1  3.35487E+13 1.00000 
   60   60    1    1    1    1    1    1    1    1  3.31835E+13 1.00000 
   61   61    1    1    1    1    1    1    1    1  1.44783E+14 0.60857 
   62   62    1    1    1    1    1    1    1    1  6.96917E+13 0.70417 
   63   63    1    1    1    1    1    1    1    1  0.00000E+00 0.00000 
   64   64    1    1    1    1    1    1    1    1  1.46269E+14 0.61439 
   65   65    1    1    1    1    1    1    1    1  1.18258E+14 0.46182 
   66   66    1    1    1    1    1    1    1    1  8.94818E+13 0.45974 
   67   67    1    1    1    1    1    1    1    1  1.59728E+14 0.59084 
   68   68    1    1    1    1    1    1    1    1  1.77039E+14 0.55863 
   69   69    1    1    1    1    1    1    1    1  7.14208E+13 0.50094 
   70   70    1    1    1    1    1    1    1    1  1.25434E+14 0.47515 
   71   71    1    1    1    1    1    1    1    1  2.50197E+14 0.48270 
   72   72    1    1    1    1    1    1    1    1  3.21037E+14 0.45559 
   73   73    1    1    1    1    1    1    1    1  1.77590E+14 0.40203 
   74   74    1    1    1    1    1    1    1    1  9.98381E+13 0.45515 
   75   75    1    1    1    1    1    1    1    1  2.35114E+14 0.42129 
   76   76    1    1    1    1    1    1    1    1  1.51546E+14 0.36062 
   77   77    1    1    1    1    1    1    1    1  2.97786E+14 0.36602 
   78   78    1    1    1    1    1    1    1    1  1.57148E+14 0.48270 
   79   79    1    1    1    1    1    1    1    1  7.01673E+13 0.54231 
   80   80    1    1    1    1    1    1    1    1  3.04116E+14 0.30056 
   81   81    1    1    1    1    1    1    1    1  2.60823E+14 0.36358 
   82   82    1    1    1    1    1    1    1    1  5.17320E+14 0.40941 
   83   83    1    1    1    1    1    1    1    1  4.73756E+14 0.31356 
   84   84    1    1    1    1    1    1    1    1  4.61592E+14 0.32979 
   85   85    1    1    1    1    1    1    1    1  6.73806E+14 0.34493 
   86   86    1    1    1    1    1    1    1    1  6.16634E+14 0.32420 
   87   87    1    1    1    1    1    1    1    1  8.43186E+14 0.28383 
   88   88    1    1    1    1    1    1    1    1  4.61900E+14 0.29532 
   89   89    1    1    1    1    1    1    1    1  9.28725E+14 0.31257 
   90   90    1    1    1    1    1    1    1    1  8.06126E+14 0.56314 
   91   91    1    1    1    1    1    1    1    1  1.00039E+15 0.30301 
   92   92    1    1    1    1    1    1    1    1  7.12667E+14 0.29987 
   93   93    1    1    1    1    1    1    1    1  6.96826E+14 0.20964 
   94   94    1    1    1    1    1    1    1    1  9.81753E+14 0.25664 
   95   95    1    1    1    1    1    1    1    1  9.31781E+14 0.23849 
   96   96    1    1    1    1    1    1    1    1  1.53773E+15 0.11861 
   97   97    1    1    1    1    1    1    1    1  1.88450E+15 0.15429 
   98   98    1    1    1    1    1    1    1    1  1.68417E+15 0.14360 
   99   99    1    1    1    1    1    1    1    1  1.87265E+15 0.11645 
  100  100    1    1    1    1    1    1    1    1  2.62717E+15 0.14647 
  101  101    1    1    1    1    1    1    1    1  2.23204E+15 0.16106 
  102  102    1    1    1    1    1    1    1    1  2.21407E+15 0.12937 
  103  103    1    1    1    1    1    1    1    1  2.74319E+15 0.15288 
  104  104    1    1    1    1    1    1    1    1  2.85042E+15 0.19180 
  105  105    1    1    1    1    1    1    1    1  3.35724E+15 0.09257 
  106  106    1    1    1    1    1    1    1    1  4.59626E+15 0.08180 
  107  107    1    1    1    1    1    1    1    1  5.27936E+15 0.07541 
  108  108    1    1    1    1    1    1    1    1  5.30537E+15 0.06973 
  109  109    1    1    1    1    1    1    1    1  7.93922E+15 0.09428 
