
DETspectrum = [
    1    1    1    1    1    1    1    1    1    1  0.00000E+00 0.00000 
    2    2    1    1    1    1    1    1    1    1  0.00000E+00 0.00000 
    3    3    1    1    1    1    1    1    1    1  0.00000E+00 0.00000 
    4    4    1    1    1    1    1    1    1    1  0.00000E+00 0.00000 
    5    5    1    1    1    1    1    1    1    1  0.00000E+00 0.00000 
    6    6    1    1    1    1    1    1    1    1  0.00000E+00 0.00000 
    7    7    1    1    1    1    1    1    1    1  0.00000E+00 0.00000 
    8    8    1    1    1    1    1    1    1    1  0.00000E+00 0.00000 
    9    9    1    1    1    1    1    1    1    1  0.00000E+00 0.00000 
   10   10    1    1    1    1    1    1    1    1  0.00000E+00 0.00000 
   11   11    1    1    1    1    1    1    1    1  0.00000E+00 0.00000 
   12   12    1    1    1    1    1    1    1    1  0.00000E+00 0.00000 
   13   13    1    1    1    1    1    1    1    1  0.00000E+00 0.00000 
   14   14    1    1    1    1    1    1    1    1  0.00000E+00 0.00000 
   15   15    1    1    1    1    1    1    1    1  0.00000E+00 0.00000 
   16   16    1    1    1    1    1    1    1    1  5.12853E+12 1.00000 
   17   17    1    1    1    1    1    1    1    1  0.00000E+00 0.00000 
   18   18    1    1    1    1    1    1    1    1  0.00000E+00 0.00000 
   19   19    1    1    1    1    1    1    1    1  0.00000E+00 0.00000 
   20   20    1    1    1    1    1    1    1    1  1.17697E+13 1.00000 
   21   21    1    1    1    1    1    1    1    1  0.00000E+00 0.00000 
   22   22    1    1    1    1    1    1    1    1  0.00000E+00 0.00000 
   23   23    1    1    1    1    1    1    1    1  7.27550E+12 1.00000 
   24   24    1    1    1    1    1    1    1    1  0.00000E+00 0.00000 
   25   25    1    1    1    1    1    1    1    1  6.85597E+12 1.00000 
   26   26    1    1    1    1    1    1    1    1  0.00000E+00 0.00000 
   27   27    1    1    1    1    1    1    1    1  1.42139E+13 1.00000 
   28   28    1    1    1    1    1    1    1    1  1.06803E+13 1.00000 
   29   29    1    1    1    1    1    1    1    1  3.04942E+12 1.00000 
   30   30    1    1    1    1    1    1    1    1  4.34998E+13 0.65395 
   31   31    1    1    1    1    1    1    1    1  1.23601E+14 0.57512 
   32   32    1    1    1    1    1    1    1    1  8.06778E+12 0.70423 
   33   33    1    1    1    1    1    1    1    1  5.27029E+13 1.00000 
   34   34    1    1    1    1    1    1    1    1  4.74834E+12 1.00000 
   35   35    1    1    1    1    1    1    1    1  5.05231E+12 1.00000 
   36   36    1    1    1    1    1    1    1    1  9.34065E+13 0.75543 
   37   37    1    1    1    1    1    1    1    1  3.71550E+13 0.54032 
   38   38    1    1    1    1    1    1    1    1  1.03116E+14 0.55480 
   39   39    1    1    1    1    1    1    1    1  1.11667E+14 0.81011 
   40   40    1    1    1    1    1    1    1    1  7.42434E+13 0.73120 
   41   41    1    1    1    1    1    1    1    1  1.14290E+14 0.53384 
   42   42    1    1    1    1    1    1    1    1  1.70601E+13 0.60877 
   43   43    1    1    1    1    1    1    1    1  2.90969E+14 0.39397 
   44   44    1    1    1    1    1    1    1    1  2.04820E+14 0.63148 
   45   45    1    1    1    1    1    1    1    1  4.10278E+14 0.40387 
   46   46    1    1    1    1    1    1    1    1  3.41636E+14 0.50106 
   47   47    1    1    1    1    1    1    1    1  1.54794E+14 0.51278 
   48   48    1    1    1    1    1    1    1    1  1.14195E+14 0.71140 
   49   49    1    1    1    1    1    1    1    1  1.46298E+14 0.49547 
   50   50    1    1    1    1    1    1    1    1  3.93844E+14 0.65438 
   51   51    1    1    1    1    1    1    1    1  1.56631E+14 0.59774 
   52   52    1    1    1    1    1    1    1    1  1.94231E+14 0.71074 
   53   53    1    1    1    1    1    1    1    1  6.28357E+14 0.69749 
   54   54    1    1    1    1    1    1    1    1  4.60130E+14 0.57103 
   55   55    1    1    1    1    1    1    1    1  3.35908E+13 1.00000 
   56   56    1    1    1    1    1    1    1    1  1.64440E+14 0.52841 
   57   57    1    1    1    1    1    1    1    1  2.92165E+14 0.68216 
   58   58    1    1    1    1    1    1    1    1  5.67047E+14 0.54707 
   59   59    1    1    1    1    1    1    1    1  2.62573E+14 0.76428 
   60   60    1    1    1    1    1    1    1    1  1.68632E+14 0.82411 
   61   61    1    1    1    1    1    1    1    1  3.95336E+14 0.70415 
   62   62    1    1    1    1    1    1    1    1  0.00000E+00 0.00000 
   63   63    1    1    1    1    1    1    1    1  4.46297E+14 0.65241 
   64   64    1    1    1    1    1    1    1    1  2.04675E+14 1.00000 
   65   65    1    1    1    1    1    1    1    1  6.40264E+14 0.57483 
   66   66    1    1    1    1    1    1    1    1  2.24172E+14 0.76042 
   67   67    1    1    1    1    1    1    1    1  1.88528E+14 0.65436 
   68   68    1    1    1    1    1    1    1    1  1.59261E+14 0.73458 
   69   69    1    1    1    1    1    1    1    1  2.04404E+14 0.48862 
   70   70    1    1    1    1    1    1    1    1  4.15851E+14 0.43364 
   71   71    1    1    1    1    1    1    1    1  3.22218E+14 0.44925 
   72   72    1    1    1    1    1    1    1    1  4.72980E+14 0.34418 
   73   73    1    1    1    1    1    1    1    1  4.36825E+14 0.36138 
   74   74    1    1    1    1    1    1    1    1  3.91812E+14 0.40098 
   75   75    1    1    1    1    1    1    1    1  4.11790E+14 0.28652 
   76   76    1    1    1    1    1    1    1    1  5.41142E+14 0.35644 
   77   77    1    1    1    1    1    1    1    1  4.08186E+14 0.42941 
   78   78    1    1    1    1    1    1    1    1  5.20327E+14 0.36394 
   79   79    1    1    1    1    1    1    1    1  9.39649E+14 0.28521 
   80   80    1    1    1    1    1    1    1    1  6.65760E+14 0.28701 
   81   81    1    1    1    1    1    1    1    1  8.03932E+14 0.28502 
   82   82    1    1    1    1    1    1    1    1  9.59634E+14 0.26885 
   83   83    1    1    1    1    1    1    1    1  7.19375E+14 0.31802 
   84   84    1    1    1    1    1    1    1    1  1.08639E+15 0.28656 
   85   85    1    1    1    1    1    1    1    1  1.02597E+15 0.22615 
   86   86    1    1    1    1    1    1    1    1  9.47937E+14 0.25782 
   87   87    1    1    1    1    1    1    1    1  9.31143E+14 0.25964 
   88   88    1    1    1    1    1    1    1    1  1.37128E+15 0.23552 
   89   89    1    1    1    1    1    1    1    1  1.12070E+15 0.22715 
   90   90    1    1    1    1    1    1    1    1  1.62343E+15 0.34258 
   91   91    1    1    1    1    1    1    1    1  1.33378E+15 0.30485 
   92   92    1    1    1    1    1    1    1    1  1.01615E+15 0.26402 
   93   93    1    1    1    1    1    1    1    1  1.71134E+15 0.15045 
   94   94    1    1    1    1    1    1    1    1  1.39666E+15 0.21469 
   95   95    1    1    1    1    1    1    1    1  2.38687E+15 0.15004 
   96   96    1    1    1    1    1    1    1    1  2.22120E+15 0.12915 
   97   97    1    1    1    1    1    1    1    1  2.88769E+15 0.14262 
   98   98    1    1    1    1    1    1    1    1  2.67506E+15 0.12446 
   99   99    1    1    1    1    1    1    1    1  3.08363E+15 0.10140 
  100  100    1    1    1    1    1    1    1    1  3.20810E+15 0.16032 
  101  101    1    1    1    1    1    1    1    1  4.04327E+15 0.12698 
  102  102    1    1    1    1    1    1    1    1  3.21955E+15 0.12068 
  103  103    1    1    1    1    1    1    1    1  3.11981E+15 0.14073 
  104  104    1    1    1    1    1    1    1    1  3.54145E+15 0.15363 
  105  105    1    1    1    1    1    1    1    1  5.04123E+15 0.08663 
  106  106    1    1    1    1    1    1    1    1  5.90596E+15 0.08252 
  107  107    1    1    1    1    1    1    1    1  5.82702E+15 0.07248 
  108  108    1    1    1    1    1    1    1    1  6.93933E+15 0.06098 
  109  109    1    1    1    1    1    1    1    1  9.15257E+15 0.09303 
