
DETspectrum = [
    1    1    1    1    1    1    1    1    1    1  0.00000E+00 0.00000 
    2    2    1    1    1    1    1    1    1    1  0.00000E+00 0.00000 
    3    3    1    1    1    1    1    1    1    1  0.00000E+00 0.00000 
    4    4    1    1    1    1    1    1    1    1  0.00000E+00 0.00000 
    5    5    1    1    1    1    1    1    1    1  0.00000E+00 0.00000 
    6    6    1    1    1    1    1    1    1    1  0.00000E+00 0.00000 
    7    7    1    1    1    1    1    1    1    1  0.00000E+00 0.00000 
    8    8    1    1    1    1    1    1    1    1  0.00000E+00 0.00000 
    9    9    1    1    1    1    1    1    1    1  0.00000E+00 0.00000 
   10   10    1    1    1    1    1    1    1    1  0.00000E+00 0.00000 
   11   11    1    1    1    1    1    1    1    1  0.00000E+00 0.00000 
   12   12    1    1    1    1    1    1    1    1  0.00000E+00 0.00000 
   13   13    1    1    1    1    1    1    1    1  0.00000E+00 0.00000 
   14   14    1    1    1    1    1    1    1    1  0.00000E+00 0.00000 
   15   15    1    1    1    1    1    1    1    1  0.00000E+00 0.00000 
   16   16    1    1    1    1    1    1    1    1  0.00000E+00 0.00000 
   17   17    1    1    1    1    1    1    1    1  0.00000E+00 0.00000 
   18   18    1    1    1    1    1    1    1    1  0.00000E+00 0.00000 
   19   19    1    1    1    1    1    1    1    1  0.00000E+00 0.00000 
   20   20    1    1    1    1    1    1    1    1  0.00000E+00 0.00000 
   21   21    1    1    1    1    1    1    1    1  0.00000E+00 0.00000 
   22   22    1    1    1    1    1    1    1    1  0.00000E+00 0.00000 
   23   23    1    1    1    1    1    1    1    1  0.00000E+00 0.00000 
   24   24    1    1    1    1    1    1    1    1  0.00000E+00 0.00000 
   25   25    1    1    1    1    1    1    1    1  0.00000E+00 0.00000 
   26   26    1    1    1    1    1    1    1    1  0.00000E+00 0.00000 
   27   27    1    1    1    1    1    1    1    1  1.90782E+13 1.00000 
   28   28    1    1    1    1    1    1    1    1  0.00000E+00 0.00000 
   29   29    1    1    1    1    1    1    1    1  0.00000E+00 0.00000 
   30   30    1    1    1    1    1    1    1    1  1.94464E+13 1.00000 
   31   31    1    1    1    1    1    1    1    1  0.00000E+00 0.00000 
   32   32    1    1    1    1    1    1    1    1  4.60003E+13 1.00000 
   33   33    1    1    1    1    1    1    1    1  2.48408E+13 1.00000 
   34   34    1    1    1    1    1    1    1    1  2.66002E+13 1.00000 
   35   35    1    1    1    1    1    1    1    1  4.90856E+13 0.89955 
   36   36    1    1    1    1    1    1    1    1  7.35727E+13 0.85494 
   37   37    1    1    1    1    1    1    1    1  3.23132E+13 1.00000 
   38   38    1    1    1    1    1    1    1    1  5.09285E+13 1.00000 
   39   39    1    1    1    1    1    1    1    1  4.29899E+13 1.00000 
   40   40    1    1    1    1    1    1    1    1  7.92701E+12 1.00000 
   41   41    1    1    1    1    1    1    1    1  4.71375E+13 0.70415 
   42   42    1    1    1    1    1    1    1    1  9.05882E+12 1.00000 
   43   43    1    1    1    1    1    1    1    1  4.78400E+12 1.00000 
   44   44    1    1    1    1    1    1    1    1  5.18007E+12 1.00000 
   45   45    1    1    1    1    1    1    1    1  3.59260E+13 0.85927 
   46   46    1    1    1    1    1    1    1    1  0.00000E+00 0.00000 
   47   47    1    1    1    1    1    1    1    1  1.31505E+14 0.70415 
   48   48    1    1    1    1    1    1    1    1  8.01735E+13 0.86077 
   49   49    1    1    1    1    1    1    1    1  8.11257E+13 0.85891 
   50   50    1    1    1    1    1    1    1    1  0.00000E+00 0.00000 
   51   51    1    1    1    1    1    1    1    1  0.00000E+00 0.00000 
   52   52    1    1    1    1    1    1    1    1  2.10262E+14 0.85863 
   53   53    1    1    1    1    1    1    1    1  1.82401E+14 1.00000 
   54   54    1    1    1    1    1    1    1    1  1.84028E+14 1.00000 
   55   55    1    1    1    1    1    1    1    1  0.00000E+00 0.00000 
   56   56    1    1    1    1    1    1    1    1  0.00000E+00 0.00000 
   57   57    1    1    1    1    1    1    1    1  3.40000E+13 1.00000 
   58   58    1    1    1    1    1    1    1    1  3.54373E+13 1.00000 
   59   59    1    1    1    1    1    1    1    1  0.00000E+00 0.00000 
   60   60    1    1    1    1    1    1    1    1  0.00000E+00 0.00000 
   61   61    1    1    1    1    1    1    1    1  0.00000E+00 0.00000 
   62   62    1    1    1    1    1    1    1    1  2.27906E+14 0.85668 
   63   63    1    1    1    1    1    1    1    1  7.42382E+13 1.00000 
   64   64    1    1    1    1    1    1    1    1  2.00043E+14 1.00000 
   65   65    1    1    1    1    1    1    1    1  4.51794E+13 0.74609 
   66   66    1    1    1    1    1    1    1    1  6.12447E+13 0.61144 
   67   67    1    1    1    1    1    1    1    1  4.71761E+13 0.74606 
   68   68    1    1    1    1    1    1    1    1  8.48664E+13 1.00000 
   69   69    1    1    1    1    1    1    1    1  2.10193E+14 0.50616 
   70   70    1    1    1    1    1    1    1    1  9.27948E+13 0.61813 
   71   71    1    1    1    1    1    1    1    1  8.72717E+13 0.61039 
   72   72    1    1    1    1    1    1    1    1  1.56434E+14 0.52214 
   73   73    1    1    1    1    1    1    1    1  3.75583E+13 0.60435 
   74   74    1    1    1    1    1    1    1    1  1.64747E+14 0.69306 
   75   75    1    1    1    1    1    1    1    1  1.70368E+14 0.40317 
   76   76    1    1    1    1    1    1    1    1  1.23566E+14 0.42942 
   77   77    1    1    1    1    1    1    1    1  8.61940E+13 0.46461 
   78   78    1    1    1    1    1    1    1    1  1.56045E+14 0.48138 
   79   79    1    1    1    1    1    1    1    1  7.33635E+13 0.41909 
   80   80    1    1    1    1    1    1    1    1  2.02133E+14 0.29894 
   81   81    1    1    1    1    1    1    1    1  1.99254E+14 0.34117 
   82   82    1    1    1    1    1    1    1    1  1.35336E+14 0.42892 
   83   83    1    1    1    1    1    1    1    1  1.87407E+14 0.47273 
   84   84    1    1    1    1    1    1    1    1  3.30185E+14 0.41367 
   85   85    1    1    1    1    1    1    1    1  8.01759E+13 0.55686 
   86   86    1    1    1    1    1    1    1    1  4.01207E+14 0.37564 
   87   87    1    1    1    1    1    1    1    1  3.36679E+14 0.51691 
   88   88    1    1    1    1    1    1    1    1  3.00939E+14 0.40530 
   89   89    1    1    1    1    1    1    1    1  2.66204E+14 0.49673 
   90   90    1    1    1    1    1    1    1    1  2.59753E+14 0.66359 
   91   91    1    1    1    1    1    1    1    1  3.99335E+14 0.47040 
   92   92    1    1    1    1    1    1    1    1  6.78351E+14 0.31715 
   93   93    1    1    1    1    1    1    1    1  4.09631E+14 0.30832 
   94   94    1    1    1    1    1    1    1    1  3.55573E+14 0.36038 
   95   95    1    1    1    1    1    1    1    1  5.27683E+14 0.23743 
   96   96    1    1    1    1    1    1    1    1  7.90710E+14 0.16538 
   97   97    1    1    1    1    1    1    1    1  1.29424E+15 0.14927 
   98   98    1    1    1    1    1    1    1    1  1.42408E+15 0.13855 
   99   99    1    1    1    1    1    1    1    1  1.99136E+15 0.11828 
  100  100    1    1    1    1    1    1    1    1  2.04311E+15 0.15372 
  101  101    1    1    1    1    1    1    1    1  2.00255E+15 0.15761 
  102  102    1    1    1    1    1    1    1    1  1.71524E+15 0.15328 
  103  103    1    1    1    1    1    1    1    1  1.69071E+15 0.16293 
  104  104    1    1    1    1    1    1    1    1  2.07475E+15 0.19278 
  105  105    1    1    1    1    1    1    1    1  3.41096E+15 0.11138 
  106  106    1    1    1    1    1    1    1    1  3.56056E+15 0.08994 
  107  107    1    1    1    1    1    1    1    1  4.35842E+15 0.08682 
  108  108    1    1    1    1    1    1    1    1  5.13797E+15 0.07183 
  109  109    1    1    1    1    1    1    1    1  6.62112E+15 0.09968 
