
DETspectrum = [
    1    1    1    1    1    1    1    1    1    1  0.00000E+00 0.00000 
    2    2    1    1    1    1    1    1    1    1  0.00000E+00 0.00000 
    3    3    1    1    1    1    1    1    1    1  0.00000E+00 0.00000 
    4    4    1    1    1    1    1    1    1    1  0.00000E+00 0.00000 
    5    5    1    1    1    1    1    1    1    1  0.00000E+00 0.00000 
    6    6    1    1    1    1    1    1    1    1  0.00000E+00 0.00000 
    7    7    1    1    1    1    1    1    1    1  0.00000E+00 0.00000 
    8    8    1    1    1    1    1    1    1    1  0.00000E+00 0.00000 
    9    9    1    1    1    1    1    1    1    1  0.00000E+00 0.00000 
   10   10    1    1    1    1    1    1    1    1  0.00000E+00 0.00000 
   11   11    1    1    1    1    1    1    1    1  0.00000E+00 0.00000 
   12   12    1    1    1    1    1    1    1    1  0.00000E+00 0.00000 
   13   13    1    1    1    1    1    1    1    1  0.00000E+00 0.00000 
   14   14    1    1    1    1    1    1    1    1  0.00000E+00 0.00000 
   15   15    1    1    1    1    1    1    1    1  0.00000E+00 0.00000 
   16   16    1    1    1    1    1    1    1    1  0.00000E+00 0.00000 
   17   17    1    1    1    1    1    1    1    1  0.00000E+00 0.00000 
   18   18    1    1    1    1    1    1    1    1  0.00000E+00 0.00000 
   19   19    1    1    1    1    1    1    1    1  0.00000E+00 0.00000 
   20   20    1    1    1    1    1    1    1    1  0.00000E+00 0.00000 
   21   21    1    1    1    1    1    1    1    1  0.00000E+00 0.00000 
   22   22    1    1    1    1    1    1    1    1  0.00000E+00 0.00000 
   23   23    1    1    1    1    1    1    1    1  0.00000E+00 0.00000 
   24   24    1    1    1    1    1    1    1    1  0.00000E+00 0.00000 
   25   25    1    1    1    1    1    1    1    1  0.00000E+00 0.00000 
   26   26    1    1    1    1    1    1    1    1  0.00000E+00 0.00000 
   27   27    1    1    1    1    1    1    1    1  0.00000E+00 0.00000 
   28   28    1    1    1    1    1    1    1    1  1.12319E+13 1.00000 
   29   29    1    1    1    1    1    1    1    1  0.00000E+00 0.00000 
   30   30    1    1    1    1    1    1    1    1  5.98417E+13 1.00000 
   31   31    1    1    1    1    1    1    1    1  7.48518E+13 1.00000 
   32   32    1    1    1    1    1    1    1    1  7.08868E+13 1.00000 
   33   33    1    1    1    1    1    1    1    1  2.98600E+13 1.00000 
   34   34    1    1    1    1    1    1    1    1  5.46193E+13 1.00000 
   35   35    1    1    1    1    1    1    1    1  1.49912E+13 1.00000 
   36   36    1    1    1    1    1    1    1    1  3.66975E+13 1.00000 
   37   37    1    1    1    1    1    1    1    1  1.87357E+13 1.00000 
   38   38    1    1    1    1    1    1    1    1  2.06025E+13 1.00000 
   39   39    1    1    1    1    1    1    1    1  7.47812E+12 1.00000 
   40   40    1    1    1    1    1    1    1    1  4.58229E+13 1.00000 
   41   41    1    1    1    1    1    1    1    1  2.48233E+13 1.00000 
   42   42    1    1    1    1    1    1    1    1  9.54668E+13 0.91071 
   43   43    1    1    1    1    1    1    1    1  4.05872E+13 0.70540 
   44   44    1    1    1    1    1    1    1    1  4.54515E+13 0.70176 
   45   45    1    1    1    1    1    1    1    1  8.54765E+13 0.76629 
   46   46    1    1    1    1    1    1    1    1  3.38783E+13 0.74303 
   47   47    1    1    1    1    1    1    1    1  1.15969E+13 1.00000 
   48   48    1    1    1    1    1    1    1    1  1.19142E+13 1.00000 
   49   49    1    1    1    1    1    1    1    1  6.11990E+13 0.82278 
   50   50    1    1    1    1    1    1    1    1  6.23006E+13 1.00000 
   51   51    1    1    1    1    1    1    1    1  3.15301E+13 1.00000 
   52   52    1    1    1    1    1    1    1    1  3.17895E+13 1.00000 
   53   53    1    1    1    1    1    1    1    1  3.27430E+13 1.00000 
   54   54    1    1    1    1    1    1    1    1  2.59352E+14 0.76629 
   55   55    1    1    1    1    1    1    1    1  0.00000E+00 0.00000 
   56   56    1    1    1    1    1    1    1    1  0.00000E+00 0.00000 
   57   57    1    1    1    1    1    1    1    1  1.00795E+14 0.57250 
   58   58    1    1    1    1    1    1    1    1  0.00000E+00 0.00000 
   59   59    1    1    1    1    1    1    1    1  3.40227E+13 1.00000 
   60   60    1    1    1    1    1    1    1    1  6.93496E+13 0.70416 
   61   61    1    1    1    1    1    1    1    1  0.00000E+00 0.00000 
   62   62    1    1    1    1    1    1    1    1  2.37490E+14 0.86412 
   63   63    1    1    1    1    1    1    1    1  0.00000E+00 0.00000 
   64   64    1    1    1    1    1    1    1    1  0.00000E+00 0.00000 
   65   65    1    1    1    1    1    1    1    1  5.84862E+13 0.60641 
   66   66    1    1    1    1    1    1    1    1  7.38401E+13 0.52013 
   67   67    1    1    1    1    1    1    1    1  9.17782E+13 0.57470 
   68   68    1    1    1    1    1    1    1    1  2.50212E+14 0.59116 
   69   69    1    1    1    1    1    1    1    1  5.58702E+13 0.61737 
   70   70    1    1    1    1    1    1    1    1  1.89191E+14 0.40564 
   71   71    1    1    1    1    1    1    1    1  1.14849E+14 0.65581 
   72   72    1    1    1    1    1    1    1    1  1.30572E+14 0.74445 
   73   73    1    1    1    1    1    1    1    1  1.94116E+14 0.58632 
   74   74    1    1    1    1    1    1    1    1  2.70224E+14 0.35092 
   75   75    1    1    1    1    1    1    1    1  1.16548E+14 0.45009 
   76   76    1    1    1    1    1    1    1    1  1.85569E+14 0.45936 
   77   77    1    1    1    1    1    1    1    1  4.22642E+14 0.52243 
   78   78    1    1    1    1    1    1    1    1  2.55387E+14 0.35347 
   79   79    1    1    1    1    1    1    1    1  3.68055E+14 0.35534 
   80   80    1    1    1    1    1    1    1    1  2.57694E+14 0.32895 
   81   81    1    1    1    1    1    1    1    1  4.65745E+14 0.37537 
   82   82    1    1    1    1    1    1    1    1  4.45923E+14 0.37968 
   83   83    1    1    1    1    1    1    1    1  4.81067E+14 0.38608 
   84   84    1    1    1    1    1    1    1    1  6.32873E+14 0.30199 
   85   85    1    1    1    1    1    1    1    1  4.11252E+14 0.35293 
   86   86    1    1    1    1    1    1    1    1  5.40122E+14 0.45172 
   87   87    1    1    1    1    1    1    1    1  6.81325E+14 0.23740 
   88   88    1    1    1    1    1    1    1    1  4.15684E+14 0.30907 
   89   89    1    1    1    1    1    1    1    1  4.32019E+14 0.36978 
   90   90    1    1    1    1    1    1    1    1  3.59748E+14 0.64697 
   91   91    1    1    1    1    1    1    1    1  6.34350E+14 0.55187 
   92   92    1    1    1    1    1    1    1    1  5.61211E+14 0.32632 
   93   93    1    1    1    1    1    1    1    1  7.21151E+14 0.25718 
   94   94    1    1    1    1    1    1    1    1  6.63747E+14 0.22088 
   95   95    1    1    1    1    1    1    1    1  7.86364E+14 0.20578 
   96   96    1    1    1    1    1    1    1    1  1.33401E+15 0.12789 
   97   97    1    1    1    1    1    1    1    1  1.37735E+15 0.15419 
   98   98    1    1    1    1    1    1    1    1  1.38687E+15 0.13131 
   99   99    1    1    1    1    1    1    1    1  2.05764E+15 0.11508 
  100  100    1    1    1    1    1    1    1    1  1.93896E+15 0.12776 
  101  101    1    1    1    1    1    1    1    1  1.93626E+15 0.16102 
  102  102    1    1    1    1    1    1    1    1  2.04415E+15 0.14641 
  103  103    1    1    1    1    1    1    1    1  2.58565E+15 0.12684 
  104  104    1    1    1    1    1    1    1    1  2.11845E+15 0.19922 
  105  105    1    1    1    1    1    1    1    1  3.55009E+15 0.09082 
  106  106    1    1    1    1    1    1    1    1  4.23044E+15 0.08858 
  107  107    1    1    1    1    1    1    1    1  5.16410E+15 0.07469 
  108  108    1    1    1    1    1    1    1    1  5.84914E+15 0.06017 
  109  109    1    1    1    1    1    1    1    1  6.78255E+15 0.10622 
