
DETspectrum = [
    1    1    1    1    1    1    1    1    1    1  0.00000E+00 0.00000 
    2    2    1    1    1    1    1    1    1    1  0.00000E+00 0.00000 
    3    3    1    1    1    1    1    1    1    1  0.00000E+00 0.00000 
    4    4    1    1    1    1    1    1    1    1  0.00000E+00 0.00000 
    5    5    1    1    1    1    1    1    1    1  0.00000E+00 0.00000 
    6    6    1    1    1    1    1    1    1    1  0.00000E+00 0.00000 
    7    7    1    1    1    1    1    1    1    1  0.00000E+00 0.00000 
    8    8    1    1    1    1    1    1    1    1  0.00000E+00 0.00000 
    9    9    1    1    1    1    1    1    1    1  0.00000E+00 0.00000 
   10   10    1    1    1    1    1    1    1    1  0.00000E+00 0.00000 
   11   11    1    1    1    1    1    1    1    1  0.00000E+00 0.00000 
   12   12    1    1    1    1    1    1    1    1  0.00000E+00 0.00000 
   13   13    1    1    1    1    1    1    1    1  0.00000E+00 0.00000 
   14   14    1    1    1    1    1    1    1    1  0.00000E+00 0.00000 
   15   15    1    1    1    1    1    1    1    1  0.00000E+00 0.00000 
   16   16    1    1    1    1    1    1    1    1  0.00000E+00 0.00000 
   17   17    1    1    1    1    1    1    1    1  0.00000E+00 0.00000 
   18   18    1    1    1    1    1    1    1    1  0.00000E+00 0.00000 
   19   19    1    1    1    1    1    1    1    1  0.00000E+00 0.00000 
   20   20    1    1    1    1    1    1    1    1  0.00000E+00 0.00000 
   21   21    1    1    1    1    1    1    1    1  0.00000E+00 0.00000 
   22   22    1    1    1    1    1    1    1    1  0.00000E+00 0.00000 
   23   23    1    1    1    1    1    1    1    1  0.00000E+00 0.00000 
   24   24    1    1    1    1    1    1    1    1  0.00000E+00 0.00000 
   25   25    1    1    1    1    1    1    1    1  0.00000E+00 0.00000 
   26   26    1    1    1    1    1    1    1    1  0.00000E+00 0.00000 
   27   27    1    1    1    1    1    1    1    1  0.00000E+00 0.00000 
   28   28    1    1    1    1    1    1    1    1  0.00000E+00 0.00000 
   29   29    1    1    1    1    1    1    1    1  0.00000E+00 0.00000 
   30   30    1    1    1    1    1    1    1    1  0.00000E+00 0.00000 
   31   31    1    1    1    1    1    1    1    1  0.00000E+00 0.00000 
   32   32    1    1    1    1    1    1    1    1  0.00000E+00 0.00000 
   33   33    1    1    1    1    1    1    1    1  2.51354E+13 1.00000 
   34   34    1    1    1    1    1    1    1    1  0.00000E+00 0.00000 
   35   35    1    1    1    1    1    1    1    1  0.00000E+00 0.00000 
   36   36    1    1    1    1    1    1    1    1  5.67628E+12 1.00000 
   37   37    1    1    1    1    1    1    1    1  9.45101E+12 1.00000 
   38   38    1    1    1    1    1    1    1    1  6.02253E+13 0.74150 
   39   39    1    1    1    1    1    1    1    1  1.48041E+13 1.00000 
   40   40    1    1    1    1    1    1    1    1  1.54234E+13 1.00000 
   41   41    1    1    1    1    1    1    1    1  6.79938E+13 0.73460 
   42   42    1    1    1    1    1    1    1    1  4.40498E+12 1.00000 
   43   43    1    1    1    1    1    1    1    1  0.00000E+00 0.00000 
   44   44    1    1    1    1    1    1    1    1  6.83588E+13 0.85743 
   45   45    1    1    1    1    1    1    1    1  1.14281E+14 0.86424 
   46   46    1    1    1    1    1    1    1    1  1.12552E+13 1.00000 
   47   47    1    1    1    1    1    1    1    1  1.55244E+14 0.65704 
   48   48    1    1    1    1    1    1    1    1  1.61071E+14 0.85799 
   49   49    1    1    1    1    1    1    1    1  1.07259E+14 0.70186 
   50   50    1    1    1    1    1    1    1    1  3.86898E+14 0.65157 
   51   51    1    1    1    1    1    1    1    1  3.17835E+13 1.00000 
   52   52    1    1    1    1    1    1    1    1  0.00000E+00 0.00000 
   53   53    1    1    1    1    1    1    1    1  0.00000E+00 0.00000 
   54   54    1    1    1    1    1    1    1    1  6.47404E+13 1.00000 
   55   55    1    1    1    1    1    1    1    1  0.00000E+00 0.00000 
   56   56    1    1    1    1    1    1    1    1  3.29388E+13 1.00000 
   57   57    1    1    1    1    1    1    1    1  4.13589E+14 0.65090 
   58   58    1    1    1    1    1    1    1    1  2.93840E+14 0.73869 
   59   59    1    1    1    1    1    1    1    1  0.00000E+00 0.00000 
   60   60    1    1    1    1    1    1    1    1  1.94825E+14 1.00000 
   61   61    1    1    1    1    1    1    1    1  0.00000E+00 0.00000 
   62   62    1    1    1    1    1    1    1    1  1.96724E+14 1.00000 
   63   63    1    1    1    1    1    1    1    1  0.00000E+00 0.00000 
   64   64    1    1    1    1    1    1    1    1  0.00000E+00 0.00000 
   65   65    1    1    1    1    1    1    1    1  2.90280E+13 0.70415 
   66   66    1    1    1    1    1    1    1    1  9.73939E+13 0.86079 
   67   67    1    1    1    1    1    1    1    1  4.51630E+13 1.00000 
   68   68    1    1    1    1    1    1    1    1  3.09657E+13 0.70415 
   69   69    1    1    1    1    1    1    1    1  2.41065E+13 1.00000 
   70   70    1    1    1    1    1    1    1    1  8.24126E+12 1.00000 
   71   71    1    1    1    1    1    1    1    1  4.50635E+13 1.00000 
   72   72    1    1    1    1    1    1    1    1  9.72678E+13 0.70414 
   73   73    1    1    1    1    1    1    1    1  6.84100E+13 0.75145 
   74   74    1    1    1    1    1    1    1    1  1.31032E+14 0.67455 
   75   75    1    1    1    1    1    1    1    1  9.70181E+13 0.61563 
   76   76    1    1    1    1    1    1    1    1  1.60853E+14 0.39696 
   77   77    1    1    1    1    1    1    1    1  1.16897E+14 0.41474 
   78   78    1    1    1    1    1    1    1    1  8.10029E+13 0.49789 
   79   79    1    1    1    1    1    1    1    1  1.11331E+14 0.70413 
   80   80    1    1    1    1    1    1    1    1  1.46825E+14 0.46614 
   81   81    1    1    1    1    1    1    1    1  2.39508E+14 0.49438 
   82   82    1    1    1    1    1    1    1    1  2.27482E+14 0.37401 
   83   83    1    1    1    1    1    1    1    1  1.77340E+14 0.46130 
   84   84    1    1    1    1    1    1    1    1  2.64578E+14 0.37319 
   85   85    1    1    1    1    1    1    1    1  5.77034E+14 0.32735 
   86   86    1    1    1    1    1    1    1    1  7.42078E+14 0.44624 
   87   87    1    1    1    1    1    1    1    1  6.98231E+14 0.30123 
   88   88    1    1    1    1    1    1    1    1  5.17489E+14 0.27802 
   89   89    1    1    1    1    1    1    1    1  6.57140E+14 0.32392 
   90   90    1    1    1    1    1    1    1    1  3.43104E+14 0.70564 
   91   91    1    1    1    1    1    1    1    1  5.31736E+14 0.44007 
   92   92    1    1    1    1    1    1    1    1  1.57131E+14 0.57536 
   93   93    1    1    1    1    1    1    1    1  6.13711E+14 0.24996 
   94   94    1    1    1    1    1    1    1    1  8.01714E+14 0.23555 
   95   95    1    1    1    1    1    1    1    1  8.55815E+14 0.19264 
   96   96    1    1    1    1    1    1    1    1  8.71207E+14 0.15462 
   97   97    1    1    1    1    1    1    1    1  1.35835E+15 0.15301 
   98   98    1    1    1    1    1    1    1    1  1.88548E+15 0.13334 
   99   99    1    1    1    1    1    1    1    1  2.45830E+15 0.10655 
  100  100    1    1    1    1    1    1    1    1  2.49973E+15 0.14144 
  101  101    1    1    1    1    1    1    1    1  2.21070E+15 0.17073 
  102  102    1    1    1    1    1    1    1    1  2.02004E+15 0.14277 
  103  103    1    1    1    1    1    1    1    1  1.99151E+15 0.17967 
  104  104    1    1    1    1    1    1    1    1  3.11294E+15 0.19188 
  105  105    1    1    1    1    1    1    1    1  3.84270E+15 0.08444 
  106  106    1    1    1    1    1    1    1    1  4.75804E+15 0.07786 
  107  107    1    1    1    1    1    1    1    1  5.14014E+15 0.07365 
  108  108    1    1    1    1    1    1    1    1  5.86181E+15 0.06534 
  109  109    1    1    1    1    1    1    1    1  9.33465E+15 0.09661 
