
DETspectrum = [
    1    1    1    1    1    1    1    1    1    1  0.00000E+00 0.00000 
    2    2    1    1    1    1    1    1    1    1  0.00000E+00 0.00000 
    3    3    1    1    1    1    1    1    1    1  0.00000E+00 0.00000 
    4    4    1    1    1    1    1    1    1    1  0.00000E+00 0.00000 
    5    5    1    1    1    1    1    1    1    1  0.00000E+00 0.00000 
    6    6    1    1    1    1    1    1    1    1  0.00000E+00 0.00000 
    7    7    1    1    1    1    1    1    1    1  0.00000E+00 0.00000 
    8    8    1    1    1    1    1    1    1    1  0.00000E+00 0.00000 
    9    9    1    1    1    1    1    1    1    1  0.00000E+00 0.00000 
   10   10    1    1    1    1    1    1    1    1  0.00000E+00 0.00000 
   11   11    1    1    1    1    1    1    1    1  0.00000E+00 0.00000 
   12   12    1    1    1    1    1    1    1    1  0.00000E+00 0.00000 
   13   13    1    1    1    1    1    1    1    1  0.00000E+00 0.00000 
   14   14    1    1    1    1    1    1    1    1  0.00000E+00 0.00000 
   15   15    1    1    1    1    1    1    1    1  0.00000E+00 0.00000 
   16   16    1    1    1    1    1    1    1    1  0.00000E+00 0.00000 
   17   17    1    1    1    1    1    1    1    1  0.00000E+00 0.00000 
   18   18    1    1    1    1    1    1    1    1  0.00000E+00 0.00000 
   19   19    1    1    1    1    1    1    1    1  0.00000E+00 0.00000 
   20   20    1    1    1    1    1    1    1    1  0.00000E+00 0.00000 
   21   21    1    1    1    1    1    1    1    1  2.37549E+12 1.00000 
   22   22    1    1    1    1    1    1    1    1  5.33774E+12 1.00000 
   23   23    1    1    1    1    1    1    1    1  1.29125E+12 1.00000 
   24   24    1    1    1    1    1    1    1    1  0.00000E+00 0.00000 
   25   25    1    1    1    1    1    1    1    1  1.91616E+12 1.00000 
   26   26    1    1    1    1    1    1    1    1  0.00000E+00 0.00000 
   27   27    1    1    1    1    1    1    1    1  7.62342E+12 1.00000 
   28   28    1    1    1    1    1    1    1    1  5.73087E+12 1.00000 
   29   29    1    1    1    1    1    1    1    1  1.27337E+13 1.00000 
   30   30    1    1    1    1    1    1    1    1  0.00000E+00 0.00000 
   31   31    1    1    1    1    1    1    1    1  0.00000E+00 0.00000 
   32   32    1    1    1    1    1    1    1    1  2.86677E+13 1.00000 
   33   33    1    1    1    1    1    1    1    1  4.47230E+12 1.00000 
   34   34    1    1    1    1    1    1    1    1  0.00000E+00 0.00000 
   35   35    1    1    1    1    1    1    1    1  3.18317E+13 0.73693 
   36   36    1    1    1    1    1    1    1    1  3.03595E+13 0.71459 
   37   37    1    1    1    1    1    1    1    1  3.04057E+13 0.70646 
   38   38    1    1    1    1    1    1    1    1  1.98166E+14 0.52889 
   39   39    1    1    1    1    1    1    1    1  9.17840E+13 0.60515 
   40   40    1    1    1    1    1    1    1    1  7.07722E+13 0.81013 
   41   41    1    1    1    1    1    1    1    1  1.42001E+14 0.70960 
   42   42    1    1    1    1    1    1    1    1  7.10569E+13 0.72154 
   43   43    1    1    1    1    1    1    1    1  1.21386E+14 0.62702 
   44   44    1    1    1    1    1    1    1    1  2.55118E+14 0.49027 
   45   45    1    1    1    1    1    1    1    1  4.13982E+13 0.75745 
   46   46    1    1    1    1    1    1    1    1  1.62496E+14 0.53567 
   47   47    1    1    1    1    1    1    1    1  4.27143E+14 0.58657 
   48   48    1    1    1    1    1    1    1    1  1.60362E+14 0.57320 
   49   49    1    1    1    1    1    1    1    1  3.01894E+14 0.49451 
   50   50    1    1    1    1    1    1    1    1  6.17143E+13 1.00000 
   51   51    1    1    1    1    1    1    1    1  2.83114E+14 0.70723 
   52   52    1    1    1    1    1    1    1    1  5.94206E+14 0.54310 
   53   53    1    1    1    1    1    1    1    1  4.34748E+14 1.00000 
   54   54    1    1    1    1    1    1    1    1  1.95758E+14 1.00000 
   55   55    1    1    1    1    1    1    1    1  3.85507E+14 1.00000 
   56   56    1    1    1    1    1    1    1    1  2.20792E+14 0.85622 
   57   57    1    1    1    1    1    1    1    1  2.72829E+14 0.76645 
   58   58    1    1    1    1    1    1    1    1  2.70543E+14 1.00000 
   59   59    1    1    1    1    1    1    1    1  3.99142E+14 0.70473 
   60   60    1    1    1    1    1    1    1    1  4.03224E+14 0.70424 
   61   61    1    1    1    1    1    1    1    1  4.13903E+14 1.00000 
   62   62    1    1    1    1    1    1    1    1  3.46023E+14 0.72000 
   63   63    1    1    1    1    1    1    1    1  4.08936E+14 0.70446 
   64   64    1    1    1    1    1    1    1    1  8.59271E+14 0.59598 
   65   65    1    1    1    1    1    1    1    1  4.50399E+14 0.55068 
   66   66    1    1    1    1    1    1    1    1  4.25452E+14 0.60786 
   67   67    1    1    1    1    1    1    1    1  8.66769E+13 1.00000 
   68   68    1    1    1    1    1    1    1    1  6.01597E+14 0.47080 
   69   69    1    1    1    1    1    1    1    1  2.78717E+14 0.43544 
   70   70    1    1    1    1    1    1    1    1  4.08492E+14 0.38393 
   71   71    1    1    1    1    1    1    1    1  3.42244E+14 0.41278 
   72   72    1    1    1    1    1    1    1    1  3.08017E+14 0.48948 
   73   73    1    1    1    1    1    1    1    1  1.62647E+14 0.49806 
   74   74    1    1    1    1    1    1    1    1  2.13402E+14 0.33616 
   75   75    1    1    1    1    1    1    1    1  3.86462E+14 0.31645 
   76   76    1    1    1    1    1    1    1    1  2.64705E+14 0.35593 
   77   77    1    1    1    1    1    1    1    1  5.06954E+14 0.26871 
   78   78    1    1    1    1    1    1    1    1  5.24148E+14 0.34276 
   79   79    1    1    1    1    1    1    1    1  5.72197E+14 0.33030 
   80   80    1    1    1    1    1    1    1    1  1.03475E+15 0.24963 
   81   81    1    1    1    1    1    1    1    1  7.55465E+14 0.25209 
   82   82    1    1    1    1    1    1    1    1  6.35716E+14 0.28792 
   83   83    1    1    1    1    1    1    1    1  6.66129E+14 0.32014 
   84   84    1    1    1    1    1    1    1    1  4.86711E+14 0.27958 
   85   85    1    1    1    1    1    1    1    1  8.98514E+14 0.25542 
   86   86    1    1    1    1    1    1    1    1  1.19807E+15 0.24186 
   87   87    1    1    1    1    1    1    1    1  7.51832E+14 0.30790 
   88   88    1    1    1    1    1    1    1    1  9.92095E+14 0.24486 
   89   89    1    1    1    1    1    1    1    1  1.20929E+15 0.22829 
   90   90    1    1    1    1    1    1    1    1  9.01683E+14 0.41727 
   91   91    1    1    1    1    1    1    1    1  1.32383E+15 0.32327 
   92   92    1    1    1    1    1    1    1    1  1.22507E+15 0.22960 
   93   93    1    1    1    1    1    1    1    1  1.34540E+15 0.16421 
   94   94    1    1    1    1    1    1    1    1  1.34924E+15 0.20897 
   95   95    1    1    1    1    1    1    1    1  1.34876E+15 0.17300 
   96   96    1    1    1    1    1    1    1    1  2.03943E+15 0.12040 
   97   97    1    1    1    1    1    1    1    1  2.12620E+15 0.13548 
   98   98    1    1    1    1    1    1    1    1  2.76178E+15 0.12567 
   99   99    1    1    1    1    1    1    1    1  3.25326E+15 0.09292 
  100  100    1    1    1    1    1    1    1    1  3.20328E+15 0.12384 
  101  101    1    1    1    1    1    1    1    1  3.38354E+15 0.12874 
  102  102    1    1    1    1    1    1    1    1  3.71296E+15 0.10967 
  103  103    1    1    1    1    1    1    1    1  2.90739E+15 0.11672 
  104  104    1    1    1    1    1    1    1    1  4.27115E+15 0.16980 
  105  105    1    1    1    1    1    1    1    1  4.94903E+15 0.08650 
  106  106    1    1    1    1    1    1    1    1  6.25208E+15 0.07688 
  107  107    1    1    1    1    1    1    1    1  6.27505E+15 0.07434 
  108  108    1    1    1    1    1    1    1    1  7.63761E+15 0.06237 
  109  109    1    1    1    1    1    1    1    1  1.01682E+16 0.08320 
