
DETspectrum = [
    1    1    1    1    1    1    1    1    1    1  0.00000E+00 0.00000 
    2    2    1    1    1    1    1    1    1    1  0.00000E+00 0.00000 
    3    3    1    1    1    1    1    1    1    1  0.00000E+00 0.00000 
    4    4    1    1    1    1    1    1    1    1  0.00000E+00 0.00000 
    5    5    1    1    1    1    1    1    1    1  0.00000E+00 0.00000 
    6    6    1    1    1    1    1    1    1    1  0.00000E+00 0.00000 
    7    7    1    1    1    1    1    1    1    1  0.00000E+00 0.00000 
    8    8    1    1    1    1    1    1    1    1  0.00000E+00 0.00000 
    9    9    1    1    1    1    1    1    1    1  0.00000E+00 0.00000 
   10   10    1    1    1    1    1    1    1    1  0.00000E+00 0.00000 
   11   11    1    1    1    1    1    1    1    1  0.00000E+00 0.00000 
   12   12    1    1    1    1    1    1    1    1  0.00000E+00 0.00000 
   13   13    1    1    1    1    1    1    1    1  0.00000E+00 0.00000 
   14   14    1    1    1    1    1    1    1    1  0.00000E+00 0.00000 
   15   15    1    1    1    1    1    1    1    1  0.00000E+00 0.00000 
   16   16    1    1    1    1    1    1    1    1  0.00000E+00 0.00000 
   17   17    1    1    1    1    1    1    1    1  0.00000E+00 0.00000 
   18   18    1    1    1    1    1    1    1    1  0.00000E+00 0.00000 
   19   19    1    1    1    1    1    1    1    1  0.00000E+00 0.00000 
   20   20    1    1    1    1    1    1    1    1  0.00000E+00 0.00000 
   21   21    1    1    1    1    1    1    1    1  0.00000E+00 0.00000 
   22   22    1    1    1    1    1    1    1    1  0.00000E+00 0.00000 
   23   23    1    1    1    1    1    1    1    1  0.00000E+00 0.00000 
   24   24    1    1    1    1    1    1    1    1  0.00000E+00 0.00000 
   25   25    1    1    1    1    1    1    1    1  4.32902E+13 0.70420 
   26   26    1    1    1    1    1    1    1    1  1.45139E+13 1.00000 
   27   27    1    1    1    1    1    1    1    1  0.00000E+00 0.00000 
   28   28    1    1    1    1    1    1    1    1  0.00000E+00 0.00000 
   29   29    1    1    1    1    1    1    1    1  1.76824E+13 1.00000 
   30   30    1    1    1    1    1    1    1    1  3.32738E+12 1.00000 
   31   31    1    1    1    1    1    1    1    1  2.55958E+13 0.86847 
   32   32    1    1    1    1    1    1    1    1  3.48147E+13 1.00000 
   33   33    1    1    1    1    1    1    1    1  2.56233E+13 1.00000 
   34   34    1    1    1    1    1    1    1    1  5.48488E+13 1.00000 
   35   35    1    1    1    1    1    1    1    1  4.47744E+13 0.74615 
   36   36    1    1    1    1    1    1    1    1  6.60437E+13 0.78425 
   37   37    1    1    1    1    1    1    1    1  3.63324E+13 1.00000 
   38   38    1    1    1    1    1    1    1    1  0.00000E+00 0.00000 
   39   39    1    1    1    1    1    1    1    1  7.59826E+12 1.00000 
   40   40    1    1    1    1    1    1    1    1  0.00000E+00 0.00000 
   41   41    1    1    1    1    1    1    1    1  8.41815E+13 0.64474 
   42   42    1    1    1    1    1    1    1    1  5.40371E+13 0.70445 
   43   43    1    1    1    1    1    1    1    1  5.78489E+13 0.70444 
   44   44    1    1    1    1    1    1    1    1  7.26284E+13 0.57415 
   45   45    1    1    1    1    1    1    1    1  1.42622E+14 0.52371 
   46   46    1    1    1    1    1    1    1    1  1.40857E+14 0.62065 
   47   47    1    1    1    1    1    1    1    1  7.66928E+13 0.85869 
   48   48    1    1    1    1    1    1    1    1  2.61344E+14 0.49417 
   49   49    1    1    1    1    1    1    1    1  1.79193E+14 0.59313 
   50   50    1    1    1    1    1    1    1    1  3.43779E+14 0.65086 
   51   51    1    1    1    1    1    1    1    1  1.95847E+14 1.00000 
   52   52    1    1    1    1    1    1    1    1  3.23605E+13 1.00000 
   53   53    1    1    1    1    1    1    1    1  1.68550E+14 0.82818 
   54   54    1    1    1    1    1    1    1    1  0.00000E+00 0.00000 
   55   55    1    1    1    1    1    1    1    1  3.76129E+14 0.70444 
   56   56    1    1    1    1    1    1    1    1  0.00000E+00 0.00000 
   57   57    1    1    1    1    1    1    1    1  6.43411E+14 0.52138 
   58   58    1    1    1    1    1    1    1    1  0.00000E+00 0.00000 
   59   59    1    1    1    1    1    1    1    1  1.88712E+14 1.00000 
   60   60    1    1    1    1    1    1    1    1  2.02533E+14 1.00000 
   61   61    1    1    1    1    1    1    1    1  2.04354E+14 1.00000 
   62   62    1    1    1    1    1    1    1    1  4.38882E+14 0.65149 
   63   63    1    1    1    1    1    1    1    1  1.97882E+14 1.00000 
   64   64    1    1    1    1    1    1    1    1  4.45262E+14 0.65136 
   65   65    1    1    1    1    1    1    1    1  1.62445E+14 0.70413 
   66   66    1    1    1    1    1    1    1    1  9.65689E+13 0.85709 
   67   67    1    1    1    1    1    1    1    1  2.01277E+14 0.61419 
   68   68    1    1    1    1    1    1    1    1  1.42467E+14 0.71800 
   69   69    1    1    1    1    1    1    1    1  1.43096E+14 0.51455 
   70   70    1    1    1    1    1    1    1    1  1.11246E+14 0.80369 
   71   71    1    1    1    1    1    1    1    1  1.08663E+14 0.85068 
   72   72    1    1    1    1    1    1    1    1  9.99664E+13 1.00000 
   73   73    1    1    1    1    1    1    1    1  2.09758E+14 0.44953 
   74   74    1    1    1    1    1    1    1    1  9.05915E+13 0.51923 
   75   75    1    1    1    1    1    1    1    1  2.40496E+14 0.41885 
   76   76    1    1    1    1    1    1    1    1  3.40896E+14 0.28044 
   77   77    1    1    1    1    1    1    1    1  3.33959E+14 0.41241 
   78   78    1    1    1    1    1    1    1    1  4.30280E+14 0.34523 
   79   79    1    1    1    1    1    1    1    1  7.07807E+14 0.34400 
   80   80    1    1    1    1    1    1    1    1  3.87561E+14 0.32449 
   81   81    1    1    1    1    1    1    1    1  4.71691E+14 0.30900 
   82   82    1    1    1    1    1    1    1    1  6.05337E+14 0.30766 
   83   83    1    1    1    1    1    1    1    1  3.98479E+14 0.38393 
   84   84    1    1    1    1    1    1    1    1  3.44359E+14 0.34978 
   85   85    1    1    1    1    1    1    1    1  6.40159E+14 0.32949 
   86   86    1    1    1    1    1    1    1    1  6.03541E+14 0.27907 
   87   87    1    1    1    1    1    1    1    1  1.04940E+15 0.29400 
   88   88    1    1    1    1    1    1    1    1  4.79516E+14 0.50032 
   89   89    1    1    1    1    1    1    1    1  7.73395E+14 0.38240 
   90   90    1    1    1    1    1    1    1    1  8.68270E+14 0.42485 
   91   91    1    1    1    1    1    1    1    1  1.11531E+15 0.37432 
   92   92    1    1    1    1    1    1    1    1  9.68219E+14 0.29530 
   93   93    1    1    1    1    1    1    1    1  6.53616E+14 0.19494 
   94   94    1    1    1    1    1    1    1    1  9.54761E+14 0.20682 
   95   95    1    1    1    1    1    1    1    1  9.19863E+14 0.19387 
   96   96    1    1    1    1    1    1    1    1  1.52738E+15 0.13492 
   97   97    1    1    1    1    1    1    1    1  1.70694E+15 0.13349 
   98   98    1    1    1    1    1    1    1    1  2.65217E+15 0.11877 
   99   99    1    1    1    1    1    1    1    1  2.79937E+15 0.11897 
  100  100    1    1    1    1    1    1    1    1  2.43910E+15 0.13852 
  101  101    1    1    1    1    1    1    1    1  2.44568E+15 0.15889 
  102  102    1    1    1    1    1    1    1    1  2.62483E+15 0.15960 
  103  103    1    1    1    1    1    1    1    1  2.44516E+15 0.12283 
  104  104    1    1    1    1    1    1    1    1  3.10256E+15 0.15519 
  105  105    1    1    1    1    1    1    1    1  4.30604E+15 0.07693 
  106  106    1    1    1    1    1    1    1    1  5.13214E+15 0.06786 
  107  107    1    1    1    1    1    1    1    1  6.24909E+15 0.07574 
  108  108    1    1    1    1    1    1    1    1  6.47650E+15 0.05590 
  109  109    1    1    1    1    1    1    1    1  8.64256E+15 0.08346 
