
DETspectrum = [
    1    1    1    1    1    1    1    1    1    1  0.00000E+00 0.00000 
    2    2    1    1    1    1    1    1    1    1  0.00000E+00 0.00000 
    3    3    1    1    1    1    1    1    1    1  0.00000E+00 0.00000 
    4    4    1    1    1    1    1    1    1    1  0.00000E+00 0.00000 
    5    5    1    1    1    1    1    1    1    1  0.00000E+00 0.00000 
    6    6    1    1    1    1    1    1    1    1  0.00000E+00 0.00000 
    7    7    1    1    1    1    1    1    1    1  0.00000E+00 0.00000 
    8    8    1    1    1    1    1    1    1    1  0.00000E+00 0.00000 
    9    9    1    1    1    1    1    1    1    1  0.00000E+00 0.00000 
   10   10    1    1    1    1    1    1    1    1  0.00000E+00 0.00000 
   11   11    1    1    1    1    1    1    1    1  0.00000E+00 0.00000 
   12   12    1    1    1    1    1    1    1    1  0.00000E+00 0.00000 
   13   13    1    1    1    1    1    1    1    1  0.00000E+00 0.00000 
   14   14    1    1    1    1    1    1    1    1  0.00000E+00 0.00000 
   15   15    1    1    1    1    1    1    1    1  0.00000E+00 0.00000 
   16   16    1    1    1    1    1    1    1    1  0.00000E+00 0.00000 
   17   17    1    1    1    1    1    1    1    1  0.00000E+00 0.00000 
   18   18    1    1    1    1    1    1    1    1  0.00000E+00 0.00000 
   19   19    1    1    1    1    1    1    1    1  0.00000E+00 0.00000 
   20   20    1    1    1    1    1    1    1    1  0.00000E+00 0.00000 
   21   21    1    1    1    1    1    1    1    1  2.21218E+12 1.00000 
   22   22    1    1    1    1    1    1    1    1  0.00000E+00 0.00000 
   23   23    1    1    1    1    1    1    1    1  3.60153E+12 1.00000 
   24   24    1    1    1    1    1    1    1    1  8.91686E+12 1.00000 
   25   25    1    1    1    1    1    1    1    1  1.06679E+13 1.00000 
   26   26    1    1    1    1    1    1    1    1  3.32470E+13 1.00000 
   27   27    1    1    1    1    1    1    1    1  4.74005E+12 1.00000 
   28   28    1    1    1    1    1    1    1    1  1.86180E+13 1.00000 
   29   29    1    1    1    1    1    1    1    1  2.08679E+13 0.85932 
   30   30    1    1    1    1    1    1    1    1  7.03242E+12 1.00000 
   31   31    1    1    1    1    1    1    1    1  0.00000E+00 0.00000 
   32   32    1    1    1    1    1    1    1    1  4.16555E+12 1.00000 
   33   33    1    1    1    1    1    1    1    1  1.34680E+13 1.00000 
   34   34    1    1    1    1    1    1    1    1  2.36046E+13 0.52517 
   35   35    1    1    1    1    1    1    1    1  3.77380E+13 0.48036 
   36   36    1    1    1    1    1    1    1    1  1.13968E+13 0.60699 
   37   37    1    1    1    1    1    1    1    1  2.45707E+13 0.75808 
   38   38    1    1    1    1    1    1    1    1  1.42072E+13 0.61301 
   39   39    1    1    1    1    1    1    1    1  1.48820E+13 0.70415 
   40   40    1    1    1    1    1    1    1    1  2.34706E+13 0.57258 
   41   41    1    1    1    1    1    1    1    1  3.68920E+13 0.68883 
   42   42    1    1    1    1    1    1    1    1  4.92944E+13 0.54558 
   43   43    1    1    1    1    1    1    1    1  5.73374E+13 0.62680 
   44   44    1    1    1    1    1    1    1    1  6.03869E+13 0.64744 
   45   45    1    1    1    1    1    1    1    1  1.50298E+14 0.41961 
   46   46    1    1    1    1    1    1    1    1  2.10297E+14 0.52536 
   47   47    1    1    1    1    1    1    1    1  1.61544E+14 0.64745 
   48   48    1    1    1    1    1    1    1    1  2.33098E+13 0.70413 
   49   49    1    1    1    1    1    1    1    1  3.73668E+13 0.74944 
   50   50    1    1    1    1    1    1    1    1  3.11056E+13 1.00000 
   51   51    1    1    1    1    1    1    1    1  2.79938E+14 0.70130 
   52   52    1    1    1    1    1    1    1    1  6.42398E+13 0.70442 
   53   53    1    1    1    1    1    1    1    1  1.32161E+14 0.79339 
   54   54    1    1    1    1    1    1    1    1  1.34525E+14 0.78951 
   55   55    1    1    1    1    1    1    1    1  3.26921E+13 1.00000 
   56   56    1    1    1    1    1    1    1    1  3.31898E+13 1.00000 
   57   57    1    1    1    1    1    1    1    1  1.36761E+14 0.61125 
   58   58    1    1    1    1    1    1    1    1  3.30821E+13 1.00000 
   59   59    1    1    1    1    1    1    1    1  3.36718E+13 1.00000 
   60   60    1    1    1    1    1    1    1    1  2.06433E+14 0.46405 
   61   61    1    1    1    1    1    1    1    1  3.08523E+14 0.80063 
   62   62    1    1    1    1    1    1    1    1  4.48165E+14 0.50451 
   63   63    1    1    1    1    1    1    1    1  4.83864E+14 0.60035 
   64   64    1    1    1    1    1    1    1    1  6.94194E+13 0.70413 
   65   65    1    1    1    1    1    1    1    1  3.78537E+14 0.61246 
   66   66    1    1    1    1    1    1    1    1  9.92929E+13 0.85973 
   67   67    1    1    1    1    1    1    1    1  1.05814E+14 0.46505 
   68   68    1    1    1    1    1    1    1    1  1.05822E+14 0.85910 
   69   69    1    1    1    1    1    1    1    1  1.81105E+14 0.38608 
   70   70    1    1    1    1    1    1    1    1  1.64648E+14 0.40838 
   71   71    1    1    1    1    1    1    1    1  1.70821E+14 0.43236 
   72   72    1    1    1    1    1    1    1    1  1.07156E+14 0.49470 
   73   73    1    1    1    1    1    1    1    1  3.79011E+14 0.43367 
   74   74    1    1    1    1    1    1    1    1  2.98043E+14 0.37897 
   75   75    1    1    1    1    1    1    1    1  3.74474E+14 0.42609 
   76   76    1    1    1    1    1    1    1    1  3.70715E+14 0.38621 
   77   77    1    1    1    1    1    1    1    1  3.69231E+14 0.41553 
   78   78    1    1    1    1    1    1    1    1  5.44064E+14 0.32067 
   79   79    1    1    1    1    1    1    1    1  3.28911E+14 0.34813 
   80   80    1    1    1    1    1    1    1    1  4.64156E+14 0.32488 
   81   81    1    1    1    1    1    1    1    1  6.39294E+14 0.32947 
   82   82    1    1    1    1    1    1    1    1  5.49361E+14 0.31322 
   83   83    1    1    1    1    1    1    1    1  5.70652E+14 0.32306 
   84   84    1    1    1    1    1    1    1    1  7.30919E+14 0.31340 
   85   85    1    1    1    1    1    1    1    1  8.92636E+14 0.29029 
   86   86    1    1    1    1    1    1    1    1  5.10042E+14 0.33979 
   87   87    1    1    1    1    1    1    1    1  9.61045E+14 0.27397 
   88   88    1    1    1    1    1    1    1    1  8.87732E+14 0.29457 
   89   89    1    1    1    1    1    1    1    1  1.08554E+15 0.35186 
   90   90    1    1    1    1    1    1    1    1  1.32483E+15 0.37054 
   91   91    1    1    1    1    1    1    1    1  8.54871E+14 0.58670 
   92   92    1    1    1    1    1    1    1    1  1.00875E+15 0.30030 
   93   93    1    1    1    1    1    1    1    1  1.23235E+15 0.17824 
   94   94    1    1    1    1    1    1    1    1  1.50328E+15 0.22784 
   95   95    1    1    1    1    1    1    1    1  1.18343E+15 0.19417 
   96   96    1    1    1    1    1    1    1    1  2.01367E+15 0.10862 
   97   97    1    1    1    1    1    1    1    1  2.77091E+15 0.13487 
   98   98    1    1    1    1    1    1    1    1  2.60641E+15 0.11079 
   99   99    1    1    1    1    1    1    1    1  2.65144E+15 0.10015 
  100  100    1    1    1    1    1    1    1    1  3.39424E+15 0.11931 
  101  101    1    1    1    1    1    1    1    1  2.69221E+15 0.13540 
  102  102    1    1    1    1    1    1    1    1  3.64194E+15 0.13206 
  103  103    1    1    1    1    1    1    1    1  3.60407E+15 0.12032 
  104  104    1    1    1    1    1    1    1    1  4.10391E+15 0.13709 
  105  105    1    1    1    1    1    1    1    1  4.80129E+15 0.07606 
  106  106    1    1    1    1    1    1    1    1  5.71305E+15 0.07160 
  107  107    1    1    1    1    1    1    1    1  6.19206E+15 0.07834 
  108  108    1    1    1    1    1    1    1    1  6.98911E+15 0.05852 
  109  109    1    1    1    1    1    1    1    1  9.50457E+15 0.08422 
