
DETspectrum = [
    1    1    1    1    1    1    1    1    1    1  0.00000E+00 0.00000 
    2    2    1    1    1    1    1    1    1    1  0.00000E+00 0.00000 
    3    3    1    1    1    1    1    1    1    1  0.00000E+00 0.00000 
    4    4    1    1    1    1    1    1    1    1  0.00000E+00 0.00000 
    5    5    1    1    1    1    1    1    1    1  0.00000E+00 0.00000 
    6    6    1    1    1    1    1    1    1    1  0.00000E+00 0.00000 
    7    7    1    1    1    1    1    1    1    1  0.00000E+00 0.00000 
    8    8    1    1    1    1    1    1    1    1  0.00000E+00 0.00000 
    9    9    1    1    1    1    1    1    1    1  0.00000E+00 0.00000 
   10   10    1    1    1    1    1    1    1    1  0.00000E+00 0.00000 
   11   11    1    1    1    1    1    1    1    1  0.00000E+00 0.00000 
   12   12    1    1    1    1    1    1    1    1  0.00000E+00 0.00000 
   13   13    1    1    1    1    1    1    1    1  0.00000E+00 0.00000 
   14   14    1    1    1    1    1    1    1    1  0.00000E+00 0.00000 
   15   15    1    1    1    1    1    1    1    1  0.00000E+00 0.00000 
   16   16    1    1    1    1    1    1    1    1  0.00000E+00 0.00000 
   17   17    1    1    1    1    1    1    1    1  0.00000E+00 0.00000 
   18   18    1    1    1    1    1    1    1    1  0.00000E+00 0.00000 
   19   19    1    1    1    1    1    1    1    1  0.00000E+00 0.00000 
   20   20    1    1    1    1    1    1    1    1  0.00000E+00 0.00000 
   21   21    1    1    1    1    1    1    1    1  0.00000E+00 0.00000 
   22   22    1    1    1    1    1    1    1    1  0.00000E+00 0.00000 
   23   23    1    1    1    1    1    1    1    1  0.00000E+00 0.00000 
   24   24    1    1    1    1    1    1    1    1  0.00000E+00 0.00000 
   25   25    1    1    1    1    1    1    1    1  0.00000E+00 0.00000 
   26   26    1    1    1    1    1    1    1    1  0.00000E+00 0.00000 
   27   27    1    1    1    1    1    1    1    1  0.00000E+00 0.00000 
   28   28    1    1    1    1    1    1    1    1  0.00000E+00 0.00000 
   29   29    1    1    1    1    1    1    1    1  0.00000E+00 0.00000 
   30   30    1    1    1    1    1    1    1    1  0.00000E+00 0.00000 
   31   31    1    1    1    1    1    1    1    1  0.00000E+00 0.00000 
   32   32    1    1    1    1    1    1    1    1  7.92104E+12 1.00000 
   33   33    1    1    1    1    1    1    1    1  4.26923E+12 1.00000 
   34   34    1    1    1    1    1    1    1    1  1.37510E+13 1.00000 
   35   35    1    1    1    1    1    1    1    1  2.51662E+12 1.00000 
   36   36    1    1    1    1    1    1    1    1  2.83270E+12 1.00000 
   37   37    1    1    1    1    1    1    1    1  6.34062E+12 0.70416 
   38   38    1    1    1    1    1    1    1    1  6.91612E+12 1.00000 
   39   39    1    1    1    1    1    1    1    1  1.47735E+13 1.00000 
   40   40    1    1    1    1    1    1    1    1  7.83284E+12 1.00000 
   41   41    1    1    1    1    1    1    1    1  1.23105E+13 0.74111 
   42   42    1    1    1    1    1    1    1    1  0.00000E+00 0.00000 
   43   43    1    1    1    1    1    1    1    1  1.90880E+13 0.79061 
   44   44    1    1    1    1    1    1    1    1  5.10603E+12 1.00000 
   45   45    1    1    1    1    1    1    1    1  5.33934E+12 1.00000 
   46   46    1    1    1    1    1    1    1    1  2.23209E+13 1.00000 
   47   47    1    1    1    1    1    1    1    1  3.46292E+13 0.74119 
   48   48    1    1    1    1    1    1    1    1  0.00000E+00 0.00000 
   49   49    1    1    1    1    1    1    1    1  0.00000E+00 0.00000 
   50   50    1    1    1    1    1    1    1    1  0.00000E+00 0.00000 
   51   51    1    1    1    1    1    1    1    1  0.00000E+00 0.00000 
   52   52    1    1    1    1    1    1    1    1  3.14593E+13 1.00000 
   53   53    1    1    1    1    1    1    1    1  0.00000E+00 0.00000 
   54   54    1    1    1    1    1    1    1    1  0.00000E+00 0.00000 
   55   55    1    1    1    1    1    1    1    1  3.29360E+13 1.00000 
   56   56    1    1    1    1    1    1    1    1  0.00000E+00 0.00000 
   57   57    1    1    1    1    1    1    1    1  0.00000E+00 0.00000 
   58   58    1    1    1    1    1    1    1    1  0.00000E+00 0.00000 
   59   59    1    1    1    1    1    1    1    1  0.00000E+00 0.00000 
   60   60    1    1    1    1    1    1    1    1  0.00000E+00 0.00000 
   61   61    1    1    1    1    1    1    1    1  3.48632E+13 1.00000 
   62   62    1    1    1    1    1    1    1    1  0.00000E+00 0.00000 
   63   63    1    1    1    1    1    1    1    1  0.00000E+00 0.00000 
   64   64    1    1    1    1    1    1    1    1  0.00000E+00 0.00000 
   65   65    1    1    1    1    1    1    1    1  1.43241E+13 1.00000 
   66   66    1    1    1    1    1    1    1    1  2.95242E+13 0.70415 
   67   67    1    1    1    1    1    1    1    1  1.49568E+13 1.00000 
   68   68    1    1    1    1    1    1    1    1  1.55214E+13 1.00000 
   69   69    1    1    1    1    1    1    1    1  1.60076E+13 1.00000 
   70   70    1    1    1    1    1    1    1    1  1.65114E+13 0.70415 
   71   71    1    1    1    1    1    1    1    1  0.00000E+00 0.00000 
   72   72    1    1    1    1    1    1    1    1  0.00000E+00 0.00000 
   73   73    1    1    1    1    1    1    1    1  4.58203E+13 0.65496 
   74   74    1    1    1    1    1    1    1    1  3.10340E+13 0.61442 
   75   75    1    1    1    1    1    1    1    1  6.89700E+13 0.54706 
   76   76    1    1    1    1    1    1    1    1  4.80900E+13 0.60030 
   77   77    1    1    1    1    1    1    1    1  5.07404E+13 0.46078 
   78   78    1    1    1    1    1    1    1    1  4.53527E+13 0.51918 
   79   79    1    1    1    1    1    1    1    1  2.21845E+14 0.40234 
   80   80    1    1    1    1    1    1    1    1  1.10038E+14 0.42281 
   81   81    1    1    1    1    1    1    1    1  1.07103E+14 0.48908 
   82   82    1    1    1    1    1    1    1    1  1.42485E+14 0.38222 
   83   83    1    1    1    1    1    1    1    1  2.40496E+14 0.47643 
   84   84    1    1    1    1    1    1    1    1  3.06406E+14 0.48169 
   85   85    1    1    1    1    1    1    1    1  2.40201E+14 0.43999 
   86   86    1    1    1    1    1    1    1    1  5.73190E+14 0.40621 
   87   87    1    1    1    1    1    1    1    1  3.25470E+14 0.46395 
   88   88    1    1    1    1    1    1    1    1  4.18803E+14 0.38890 
   89   89    1    1    1    1    1    1    1    1  3.56390E+14 0.46584 
   90   90    1    1    1    1    1    1    1    1  4.43183E+14 0.52873 
   91   91    1    1    1    1    1    1    1    1  1.89046E+14 0.62044 
   92   92    1    1    1    1    1    1    1    1  2.33092E+14 0.43607 
   93   93    1    1    1    1    1    1    1    1  4.69630E+14 0.26192 
   94   94    1    1    1    1    1    1    1    1  3.95058E+14 0.35155 
   95   95    1    1    1    1    1    1    1    1  3.44120E+14 0.37330 
   96   96    1    1    1    1    1    1    1    1  9.02265E+14 0.17428 
   97   97    1    1    1    1    1    1    1    1  1.45195E+15 0.18420 
   98   98    1    1    1    1    1    1    1    1  1.39460E+15 0.13725 
   99   99    1    1    1    1    1    1    1    1  1.52632E+15 0.14542 
  100  100    1    1    1    1    1    1    1    1  1.81923E+15 0.14910 
  101  101    1    1    1    1    1    1    1    1  2.41667E+15 0.15175 
  102  102    1    1    1    1    1    1    1    1  1.79536E+15 0.15704 
  103  103    1    1    1    1    1    1    1    1  1.52827E+15 0.13949 
  104  104    1    1    1    1    1    1    1    1  3.58058E+15 0.18008 
  105  105    1    1    1    1    1    1    1    1  3.50326E+15 0.11800 
  106  106    1    1    1    1    1    1    1    1  3.86875E+15 0.08483 
  107  107    1    1    1    1    1    1    1    1  4.63277E+15 0.08113 
  108  108    1    1    1    1    1    1    1    1  5.03667E+15 0.06766 
  109  109    1    1    1    1    1    1    1    1  5.67727E+15 0.10365 
