
DETspectrum = [
    1    1    1    1    1    1    1    1    1    1  0.00000E+00 0.00000 
    2    2    1    1    1    1    1    1    1    1  0.00000E+00 0.00000 
    3    3    1    1    1    1    1    1    1    1  0.00000E+00 0.00000 
    4    4    1    1    1    1    1    1    1    1  0.00000E+00 0.00000 
    5    5    1    1    1    1    1    1    1    1  0.00000E+00 0.00000 
    6    6    1    1    1    1    1    1    1    1  0.00000E+00 0.00000 
    7    7    1    1    1    1    1    1    1    1  0.00000E+00 0.00000 
    8    8    1    1    1    1    1    1    1    1  0.00000E+00 0.00000 
    9    9    1    1    1    1    1    1    1    1  0.00000E+00 0.00000 
   10   10    1    1    1    1    1    1    1    1  0.00000E+00 0.00000 
   11   11    1    1    1    1    1    1    1    1  0.00000E+00 0.00000 
   12   12    1    1    1    1    1    1    1    1  0.00000E+00 0.00000 
   13   13    1    1    1    1    1    1    1    1  0.00000E+00 0.00000 
   14   14    1    1    1    1    1    1    1    1  0.00000E+00 0.00000 
   15   15    1    1    1    1    1    1    1    1  0.00000E+00 0.00000 
   16   16    1    1    1    1    1    1    1    1  0.00000E+00 0.00000 
   17   17    1    1    1    1    1    1    1    1  0.00000E+00 0.00000 
   18   18    1    1    1    1    1    1    1    1  0.00000E+00 0.00000 
   19   19    1    1    1    1    1    1    1    1  1.70457E+12 1.00000 
   20   20    1    1    1    1    1    1    1    1  4.02234E+12 0.70419 
   21   21    1    1    1    1    1    1    1    1  2.35574E+12 1.00000 
   22   22    1    1    1    1    1    1    1    1  5.31245E+12 1.00000 
   23   23    1    1    1    1    1    1    1    1  5.09018E+12 1.00000 
   24   24    1    1    1    1    1    1    1    1  0.00000E+00 0.00000 
   25   25    1    1    1    1    1    1    1    1  4.35284E+13 1.00000 
   26   26    1    1    1    1    1    1    1    1  8.03794E+12 1.00000 
   27   27    1    1    1    1    1    1    1    1  1.00997E+14 0.76658 
   28   28    1    1    1    1    1    1    1    1  2.18747E+13 0.76354 
   29   29    1    1    1    1    1    1    1    1  4.00871E+13 0.65411 
   30   30    1    1    1    1    1    1    1    1  3.47132E+12 1.00000 
   31   31    1    1    1    1    1    1    1    1  3.29442E+13 0.70290 
   32   32    1    1    1    1    1    1    1    1  8.11480E+12 0.70421 
   33   33    1    1    1    1    1    1    1    1  3.40288E+13 0.76293 
   34   34    1    1    1    1    1    1    1    1  5.04875E+13 0.60030 
   35   35    1    1    1    1    1    1    1    1  1.02690E+13 0.78444 
   36   36    1    1    1    1    1    1    1    1  7.57698E+13 0.54688 
   37   37    1    1    1    1    1    1    1    1  1.02213E+14 0.50716 
   38   38    1    1    1    1    1    1    1    1  8.60994E+13 0.51106 
   39   39    1    1    1    1    1    1    1    1  2.30645E+13 0.74344 
   40   40    1    1    1    1    1    1    1    1  8.48784E+13 0.62732 
   41   41    1    1    1    1    1    1    1    1  8.58694E+13 0.59485 
   42   42    1    1    1    1    1    1    1    1  1.12351E+14 0.77009 
   43   43    1    1    1    1    1    1    1    1  1.17070E+14 0.64893 
   44   44    1    1    1    1    1    1    1    1  1.70463E+14 0.49314 
   45   45    1    1    1    1    1    1    1    1  9.68091E+13 0.54290 
   46   46    1    1    1    1    1    1    1    1  6.97191E+13 0.74338 
   47   47    1    1    1    1    1    1    1    1  2.19445E+14 0.94657 
   48   48    1    1    1    1    1    1    1    1  1.92895E+14 0.78002 
   49   49    1    1    1    1    1    1    1    1  1.53681E+14 0.70812 
   50   50    1    1    1    1    1    1    1    1  6.41172E+13 0.70413 
   51   51    1    1    1    1    1    1    1    1  2.13741E+14 0.86032 
   52   52    1    1    1    1    1    1    1    1  0.00000E+00 0.00000 
   53   53    1    1    1    1    1    1    1    1  3.31291E+13 1.00000 
   54   54    1    1    1    1    1    1    1    1  2.20750E+14 0.86062 
   55   55    1    1    1    1    1    1    1    1  2.34639E+14 0.61989 
   56   56    1    1    1    1    1    1    1    1  2.59528E+14 0.78049 
   57   57    1    1    1    1    1    1    1    1  0.00000E+00 0.00000 
   58   58    1    1    1    1    1    1    1    1  3.87983E+14 0.70413 
   59   59    1    1    1    1    1    1    1    1  0.00000E+00 0.00000 
   60   60    1    1    1    1    1    1    1    1  3.54362E+13 1.00000 
   61   61    1    1    1    1    1    1    1    1  2.75847E+14 0.76411 
   62   62    1    1    1    1    1    1    1    1  3.60934E+13 1.00000 
   63   63    1    1    1    1    1    1    1    1  0.00000E+00 0.00000 
   64   64    1    1    1    1    1    1    1    1  4.58173E+14 0.92299 
   65   65    1    1    1    1    1    1    1    1  4.44669E+14 0.61587 
   66   66    1    1    1    1    1    1    1    1  2.55891E+14 0.51776 
   67   67    1    1    1    1    1    1    1    1  3.91925E+14 0.54774 
   68   68    1    1    1    1    1    1    1    1  1.63707E+14 0.60490 
   69   69    1    1    1    1    1    1    1    1  8.65555E+13 0.59738 
   70   70    1    1    1    1    1    1    1    1  1.05044E+14 0.55420 
   71   71    1    1    1    1    1    1    1    1  2.29870E+14 0.54904 
   72   72    1    1    1    1    1    1    1    1  1.77386E+13 1.00000 
   73   73    1    1    1    1    1    1    1    1  9.88876E+13 0.61312 
   74   74    1    1    1    1    1    1    1    1  2.52485E+14 0.36373 
   75   75    1    1    1    1    1    1    1    1  2.83276E+14 0.45033 
   76   76    1    1    1    1    1    1    1    1  2.11284E+14 0.47060 
   77   77    1    1    1    1    1    1    1    1  3.24196E+14 0.40003 
   78   78    1    1    1    1    1    1    1    1  3.36539E+14 0.33711 
   79   79    1    1    1    1    1    1    1    1  2.32728E+14 0.48905 
   80   80    1    1    1    1    1    1    1    1  3.44702E+14 0.40414 
   81   81    1    1    1    1    1    1    1    1  5.77034E+14 0.30400 
   82   82    1    1    1    1    1    1    1    1  4.17461E+14 0.39608 
   83   83    1    1    1    1    1    1    1    1  6.61885E+14 0.34293 
   84   84    1    1    1    1    1    1    1    1  4.62302E+14 0.32334 
   85   85    1    1    1    1    1    1    1    1  5.37329E+14 0.38111 
   86   86    1    1    1    1    1    1    1    1  8.71166E+14 0.31615 
   87   87    1    1    1    1    1    1    1    1  8.42397E+14 0.32439 
   88   88    1    1    1    1    1    1    1    1  4.60757E+14 0.32603 
   89   89    1    1    1    1    1    1    1    1  5.98985E+14 0.30843 
   90   90    1    1    1    1    1    1    1    1  5.67650E+14 0.49298 
   91   91    1    1    1    1    1    1    1    1  3.86495E+14 0.41163 
   92   92    1    1    1    1    1    1    1    1  8.37882E+14 0.35507 
   93   93    1    1    1    1    1    1    1    1  6.71497E+14 0.21100 
   94   94    1    1    1    1    1    1    1    1  1.32668E+15 0.21632 
   95   95    1    1    1    1    1    1    1    1  9.28237E+14 0.24069 
   96   96    1    1    1    1    1    1    1    1  1.49140E+15 0.12830 
   97   97    1    1    1    1    1    1    1    1  1.73737E+15 0.14056 
   98   98    1    1    1    1    1    1    1    1  2.28798E+15 0.12438 
   99   99    1    1    1    1    1    1    1    1  2.99313E+15 0.09402 
  100  100    1    1    1    1    1    1    1    1  2.78354E+15 0.15278 
  101  101    1    1    1    1    1    1    1    1  2.71959E+15 0.13655 
  102  102    1    1    1    1    1    1    1    1  2.49368E+15 0.15794 
  103  103    1    1    1    1    1    1    1    1  3.22663E+15 0.13490 
  104  104    1    1    1    1    1    1    1    1  4.07220E+15 0.15676 
  105  105    1    1    1    1    1    1    1    1  4.79634E+15 0.08351 
  106  106    1    1    1    1    1    1    1    1  5.59830E+15 0.07906 
  107  107    1    1    1    1    1    1    1    1  5.86959E+15 0.07250 
  108  108    1    1    1    1    1    1    1    1  6.15250E+15 0.05828 
  109  109    1    1    1    1    1    1    1    1  9.18310E+15 0.09143 
