
DETspectrum = [
    1    1    1    1    1    1    1    1    1    1  0.00000E+00 0.00000 
    2    2    1    1    1    1    1    1    1    1  0.00000E+00 0.00000 
    3    3    1    1    1    1    1    1    1    1  0.00000E+00 0.00000 
    4    4    1    1    1    1    1    1    1    1  0.00000E+00 0.00000 
    5    5    1    1    1    1    1    1    1    1  0.00000E+00 0.00000 
    6    6    1    1    1    1    1    1    1    1  0.00000E+00 0.00000 
    7    7    1    1    1    1    1    1    1    1  0.00000E+00 0.00000 
    8    8    1    1    1    1    1    1    1    1  0.00000E+00 0.00000 
    9    9    1    1    1    1    1    1    1    1  0.00000E+00 0.00000 
   10   10    1    1    1    1    1    1    1    1  0.00000E+00 0.00000 
   11   11    1    1    1    1    1    1    1    1  0.00000E+00 0.00000 
   12   12    1    1    1    1    1    1    1    1  0.00000E+00 0.00000 
   13   13    1    1    1    1    1    1    1    1  0.00000E+00 0.00000 
   14   14    1    1    1    1    1    1    1    1  0.00000E+00 0.00000 
   15   15    1    1    1    1    1    1    1    1  0.00000E+00 0.00000 
   16   16    1    1    1    1    1    1    1    1  0.00000E+00 0.00000 
   17   17    1    1    1    1    1    1    1    1  0.00000E+00 0.00000 
   18   18    1    1    1    1    1    1    1    1  0.00000E+00 0.00000 
   19   19    1    1    1    1    1    1    1    1  0.00000E+00 0.00000 
   20   20    1    1    1    1    1    1    1    1  0.00000E+00 0.00000 
   21   21    1    1    1    1    1    1    1    1  0.00000E+00 0.00000 
   22   22    1    1    1    1    1    1    1    1  0.00000E+00 0.00000 
   23   23    1    1    1    1    1    1    1    1  0.00000E+00 0.00000 
   24   24    1    1    1    1    1    1    1    1  0.00000E+00 0.00000 
   25   25    1    1    1    1    1    1    1    1  0.00000E+00 0.00000 
   26   26    1    1    1    1    1    1    1    1  0.00000E+00 0.00000 
   27   27    1    1    1    1    1    1    1    1  0.00000E+00 0.00000 
   28   28    1    1    1    1    1    1    1    1  4.51955E+13 0.76111 
   29   29    1    1    1    1    1    1    1    1  8.92814E+12 1.00000 
   30   30    1    1    1    1    1    1    1    1  3.27523E+12 1.00000 
   31   31    1    1    1    1    1    1    1    1  0.00000E+00 0.00000 
   32   32    1    1    1    1    1    1    1    1  2.61769E+13 0.86354 
   33   33    1    1    1    1    1    1    1    1  8.17040E+13 0.76561 
   34   34    1    1    1    1    1    1    1    1  6.03934E+13 0.85692 
   35   35    1    1    1    1    1    1    1    1  1.14221E+14 0.55404 
   36   36    1    1    1    1    1    1    1    1  4.26457E+13 0.47323 
   37   37    1    1    1    1    1    1    1    1  4.29994E+13 0.68746 
   38   38    1    1    1    1    1    1    1    1  1.31447E+14 0.56452 
   39   39    1    1    1    1    1    1    1    1  2.89206E+13 0.61056 
   40   40    1    1    1    1    1    1    1    1  2.27790E+13 0.74406 
   41   41    1    1    1    1    1    1    1    1  2.18379E+14 0.41680 
   42   42    1    1    1    1    1    1    1    1  1.70278E+14 0.38642 
   43   43    1    1    1    1    1    1    1    1  1.48545E+14 0.47862 
   44   44    1    1    1    1    1    1    1    1  1.81450E+14 0.41116 
   45   45    1    1    1    1    1    1    1    1  3.13961E+14 0.37152 
   46   46    1    1    1    1    1    1    1    1  4.72860E+14 0.36470 
   47   47    1    1    1    1    1    1    1    1  5.43678E+14 0.58804 
   48   48    1    1    1    1    1    1    1    1  3.51100E+14 0.80832 
   49   49    1    1    1    1    1    1    1    1  4.58528E+14 0.56622 
   50   50    1    1    1    1    1    1    1    1  8.96977E+14 0.43961 
   51   51    1    1    1    1    1    1    1    1  2.44816E+14 0.76490 
   52   52    1    1    1    1    1    1    1    1  2.73929E+14 0.70173 
   53   53    1    1    1    1    1    1    1    1  6.32357E+13 0.70414 
   54   54    1    1    1    1    1    1    1    1  3.23248E+13 1.00000 
   55   55    1    1    1    1    1    1    1    1  2.24040E+14 0.86871 
   56   56    1    1    1    1    1    1    1    1  0.00000E+00 0.00000 
   57   57    1    1    1    1    1    1    1    1  4.17662E+14 0.65330 
   58   58    1    1    1    1    1    1    1    1  1.95464E+14 1.00000 
   59   59    1    1    1    1    1    1    1    1  2.61898E+14 0.78292 
   60   60    1    1    1    1    1    1    1    1  3.30390E+14 0.63902 
   61   61    1    1    1    1    1    1    1    1  5.02342E+14 0.57883 
   62   62    1    1    1    1    1    1    1    1  7.38183E+14 0.47714 
   63   63    1    1    1    1    1    1    1    1  5.01224E+14 0.56942 
   64   64    1    1    1    1    1    1    1    1  1.03392E+14 0.57267 
   65   65    1    1    1    1    1    1    1    1  1.91424E+14 0.58624 
   66   66    1    1    1    1    1    1    1    1  2.67424E+14 0.49227 
   67   67    1    1    1    1    1    1    1    1  8.87331E+13 0.70511 
   68   68    1    1    1    1    1    1    1    1  2.49304E+14 0.47265 
   69   69    1    1    1    1    1    1    1    1  1.53837E+14 0.40111 
   70   70    1    1    1    1    1    1    1    1  3.19528E+14 0.38250 
   71   71    1    1    1    1    1    1    1    1  4.91245E+14 0.40076 
   72   72    1    1    1    1    1    1    1    1  6.65952E+14 0.39383 
   73   73    1    1    1    1    1    1    1    1  4.74985E+14 0.41502 
   74   74    1    1    1    1    1    1    1    1  6.93755E+14 0.27305 
   75   75    1    1    1    1    1    1    1    1  8.25630E+14 0.25538 
   76   76    1    1    1    1    1    1    1    1  7.47498E+14 0.31429 
   77   77    1    1    1    1    1    1    1    1  6.85003E+14 0.32167 
   78   78    1    1    1    1    1    1    1    1  3.55552E+14 0.35029 
   79   79    1    1    1    1    1    1    1    1  8.95815E+14 0.37219 
   80   80    1    1    1    1    1    1    1    1  4.92432E+14 0.28219 
   81   81    1    1    1    1    1    1    1    1  6.31276E+14 0.28802 
   82   82    1    1    1    1    1    1    1    1  8.35264E+14 0.26829 
   83   83    1    1    1    1    1    1    1    1  5.52295E+14 0.35306 
   84   84    1    1    1    1    1    1    1    1  1.41895E+15 0.23669 
   85   85    1    1    1    1    1    1    1    1  1.20086E+15 0.26174 
   86   86    1    1    1    1    1    1    1    1  1.32685E+15 0.20414 
   87   87    1    1    1    1    1    1    1    1  8.24873E+14 0.24009 
   88   88    1    1    1    1    1    1    1    1  1.06912E+15 0.24454 
   89   89    1    1    1    1    1    1    1    1  7.57255E+14 0.23570 
   90   90    1    1    1    1    1    1    1    1  1.96347E+15 0.32392 
   91   91    1    1    1    1    1    1    1    1  1.70682E+15 0.28222 
   92   92    1    1    1    1    1    1    1    1  1.48177E+15 0.20176 
   93   93    1    1    1    1    1    1    1    1  1.34504E+15 0.17002 
   94   94    1    1    1    1    1    1    1    1  1.72309E+15 0.18171 
   95   95    1    1    1    1    1    1    1    1  1.89018E+15 0.17737 
   96   96    1    1    1    1    1    1    1    1  2.35288E+15 0.10514 
   97   97    1    1    1    1    1    1    1    1  2.96018E+15 0.12366 
   98   98    1    1    1    1    1    1    1    1  3.33383E+15 0.11552 
   99   99    1    1    1    1    1    1    1    1  3.64731E+15 0.09721 
  100  100    1    1    1    1    1    1    1    1  3.50425E+15 0.13116 
  101  101    1    1    1    1    1    1    1    1  4.28625E+15 0.13507 
  102  102    1    1    1    1    1    1    1    1  3.96375E+15 0.13336 
  103  103    1    1    1    1    1    1    1    1  3.34768E+15 0.13041 
  104  104    1    1    1    1    1    1    1    1  4.72624E+15 0.14917 
  105  105    1    1    1    1    1    1    1    1  5.65673E+15 0.07979 
  106  106    1    1    1    1    1    1    1    1  6.35267E+15 0.07754 
  107  107    1    1    1    1    1    1    1    1  7.52361E+15 0.07917 
  108  108    1    1    1    1    1    1    1    1  7.41185E+15 0.06079 
  109  109    1    1    1    1    1    1    1    1  9.23574E+15 0.07862 
