
DETspectrum = [
    1    1    1    1    1    1    1    1    1    1  0.00000E+00 0.00000 
    2    2    1    1    1    1    1    1    1    1  0.00000E+00 0.00000 
    3    3    1    1    1    1    1    1    1    1  0.00000E+00 0.00000 
    4    4    1    1    1    1    1    1    1    1  0.00000E+00 0.00000 
    5    5    1    1    1    1    1    1    1    1  0.00000E+00 0.00000 
    6    6    1    1    1    1    1    1    1    1  0.00000E+00 0.00000 
    7    7    1    1    1    1    1    1    1    1  0.00000E+00 0.00000 
    8    8    1    1    1    1    1    1    1    1  0.00000E+00 0.00000 
    9    9    1    1    1    1    1    1    1    1  0.00000E+00 0.00000 
   10   10    1    1    1    1    1    1    1    1  0.00000E+00 0.00000 
   11   11    1    1    1    1    1    1    1    1  0.00000E+00 0.00000 
   12   12    1    1    1    1    1    1    1    1  0.00000E+00 0.00000 
   13   13    1    1    1    1    1    1    1    1  0.00000E+00 0.00000 
   14   14    1    1    1    1    1    1    1    1  0.00000E+00 0.00000 
   15   15    1    1    1    1    1    1    1    1  0.00000E+00 0.00000 
   16   16    1    1    1    1    1    1    1    1  0.00000E+00 0.00000 
   17   17    1    1    1    1    1    1    1    1  0.00000E+00 0.00000 
   18   18    1    1    1    1    1    1    1    1  0.00000E+00 0.00000 
   19   19    1    1    1    1    1    1    1    1  0.00000E+00 0.00000 
   20   20    1    1    1    1    1    1    1    1  0.00000E+00 0.00000 
   21   21    1    1    1    1    1    1    1    1  0.00000E+00 0.00000 
   22   22    1    1    1    1    1    1    1    1  0.00000E+00 0.00000 
   23   23    1    1    1    1    1    1    1    1  0.00000E+00 0.00000 
   24   24    1    1    1    1    1    1    1    1  0.00000E+00 0.00000 
   25   25    1    1    1    1    1    1    1    1  0.00000E+00 0.00000 
   26   26    1    1    1    1    1    1    1    1  0.00000E+00 0.00000 
   27   27    1    1    1    1    1    1    1    1  0.00000E+00 0.00000 
   28   28    1    1    1    1    1    1    1    1  0.00000E+00 0.00000 
   29   29    1    1    1    1    1    1    1    1  0.00000E+00 0.00000 
   30   30    1    1    1    1    1    1    1    1  0.00000E+00 0.00000 
   31   31    1    1    1    1    1    1    1    1  0.00000E+00 0.00000 
   32   32    1    1    1    1    1    1    1    1  0.00000E+00 0.00000 
   33   33    1    1    1    1    1    1    1    1  0.00000E+00 0.00000 
   34   34    1    1    1    1    1    1    1    1  0.00000E+00 0.00000 
   35   35    1    1    1    1    1    1    1    1  0.00000E+00 0.00000 
   36   36    1    1    1    1    1    1    1    1  0.00000E+00 0.00000 
   37   37    1    1    1    1    1    1    1    1  0.00000E+00 0.00000 
   38   38    1    1    1    1    1    1    1    1  0.00000E+00 0.00000 
   39   39    1    1    1    1    1    1    1    1  2.39607E+13 1.00000 
   40   40    1    1    1    1    1    1    1    1  8.32081E+12 1.00000 
   41   41    1    1    1    1    1    1    1    1  4.41071E+12 1.00000 
   42   42    1    1    1    1    1    1    1    1  0.00000E+00 0.00000 
   43   43    1    1    1    1    1    1    1    1  1.52794E+13 1.00000 
   44   44    1    1    1    1    1    1    1    1  3.04408E+13 1.00000 
   45   45    1    1    1    1    1    1    1    1  0.00000E+00 0.00000 
   46   46    1    1    1    1    1    1    1    1  0.00000E+00 0.00000 
   47   47    1    1    1    1    1    1    1    1  6.41040E+13 1.00000 
   48   48    1    1    1    1    1    1    1    1  0.00000E+00 0.00000 
   49   49    1    1    1    1    1    1    1    1  1.45669E+14 1.00000 
   50   50    1    1    1    1    1    1    1    1  0.00000E+00 0.00000 
   51   51    1    1    1    1    1    1    1    1  0.00000E+00 0.00000 
   52   52    1    1    1    1    1    1    1    1  0.00000E+00 0.00000 
   53   53    1    1    1    1    1    1    1    1  0.00000E+00 0.00000 
   54   54    1    1    1    1    1    1    1    1  0.00000E+00 0.00000 
   55   55    1    1    1    1    1    1    1    1  0.00000E+00 0.00000 
   56   56    1    1    1    1    1    1    1    1  0.00000E+00 0.00000 
   57   57    1    1    1    1    1    1    1    1  1.88789E+14 1.00000 
   58   58    1    1    1    1    1    1    1    1  0.00000E+00 0.00000 
   59   59    1    1    1    1    1    1    1    1  0.00000E+00 0.00000 
   60   60    1    1    1    1    1    1    1    1  2.01981E+14 1.00000 
   61   61    1    1    1    1    1    1    1    1  0.00000E+00 0.00000 
   62   62    1    1    1    1    1    1    1    1  0.00000E+00 0.00000 
   63   63    1    1    1    1    1    1    1    1  0.00000E+00 0.00000 
   64   64    1    1    1    1    1    1    1    1  0.00000E+00 0.00000 
   65   65    1    1    1    1    1    1    1    1  8.43829E+13 1.00000 
   66   66    1    1    1    1    1    1    1    1  7.94573E+13 1.00000 
   67   67    1    1    1    1    1    1    1    1  1.56248E+13 1.00000 
   68   68    1    1    1    1    1    1    1    1  1.52600E+14 0.90181 
   69   69    1    1    1    1    1    1    1    1  9.52770E+13 0.64852 
   70   70    1    1    1    1    1    1    1    1  9.60178E+13 0.64655 
   71   71    1    1    1    1    1    1    1    1  3.06902E+14 0.62409 
   72   72    1    1    1    1    1    1    1    1  7.25464E+13 0.67873 
   73   73    1    1    1    1    1    1    1    1  8.47224E+13 0.70758 
   74   74    1    1    1    1    1    1    1    1  6.54091E+13 0.59369 
   75   75    1    1    1    1    1    1    1    1  5.45855E+13 0.63634 
   76   76    1    1    1    1    1    1    1    1  3.72164E+13 0.39967 
   77   77    1    1    1    1    1    1    1    1  1.06618E+14 0.60221 
   78   78    1    1    1    1    1    1    1    1  5.36970E+13 0.58384 
   79   79    1    1    1    1    1    1    1    1  1.51431E+14 0.48168 
   80   80    1    1    1    1    1    1    1    1  2.26690E+14 0.45897 
   81   81    1    1    1    1    1    1    1    1  1.88353E+14 0.41150 
   82   82    1    1    1    1    1    1    1    1  2.52855E+14 0.38689 
   83   83    1    1    1    1    1    1    1    1  2.02477E+14 0.38951 
   84   84    1    1    1    1    1    1    1    1  3.91414E+14 0.36788 
   85   85    1    1    1    1    1    1    1    1  9.48084E+13 0.56896 
   86   86    1    1    1    1    1    1    1    1  3.48053E+14 0.39389 
   87   87    1    1    1    1    1    1    1    1  1.92399E+14 0.48901 
   88   88    1    1    1    1    1    1    1    1  3.16474E+14 0.44036 
   89   89    1    1    1    1    1    1    1    1  5.06635E+14 0.34369 
   90   90    1    1    1    1    1    1    1    1  2.09901E+14 0.86111 
   91   91    1    1    1    1    1    1    1    1  3.76750E+14 0.60104 
   92   92    1    1    1    1    1    1    1    1  3.30850E+14 0.46038 
   93   93    1    1    1    1    1    1    1    1  4.10539E+14 0.26738 
   94   94    1    1    1    1    1    1    1    1  5.29277E+14 0.33029 
   95   95    1    1    1    1    1    1    1    1  6.05358E+14 0.28588 
   96   96    1    1    1    1    1    1    1    1  8.39473E+14 0.15707 
   97   97    1    1    1    1    1    1    1    1  1.08286E+15 0.20166 
   98   98    1    1    1    1    1    1    1    1  1.30758E+15 0.15651 
   99   99    1    1    1    1    1    1    1    1  1.31485E+15 0.12977 
  100  100    1    1    1    1    1    1    1    1  1.51805E+15 0.16069 
  101  101    1    1    1    1    1    1    1    1  1.56754E+15 0.18437 
  102  102    1    1    1    1    1    1    1    1  2.04886E+15 0.15400 
  103  103    1    1    1    1    1    1    1    1  1.71343E+15 0.15656 
  104  104    1    1    1    1    1    1    1    1  2.18126E+15 0.16429 
  105  105    1    1    1    1    1    1    1    1  2.86811E+15 0.10026 
  106  106    1    1    1    1    1    1    1    1  4.13893E+15 0.08673 
  107  107    1    1    1    1    1    1    1    1  4.62579E+15 0.07517 
  108  108    1    1    1    1    1    1    1    1  4.71902E+15 0.06318 
  109  109    1    1    1    1    1    1    1    1  5.61770E+15 0.11942 
