
DETspectrum = [
    1    1    1    1    1    1    1    1    1    1  0.00000E+00 0.00000 
    2    2    1    1    1    1    1    1    1    1  0.00000E+00 0.00000 
    3    3    1    1    1    1    1    1    1    1  0.00000E+00 0.00000 
    4    4    1    1    1    1    1    1    1    1  0.00000E+00 0.00000 
    5    5    1    1    1    1    1    1    1    1  0.00000E+00 0.00000 
    6    6    1    1    1    1    1    1    1    1  0.00000E+00 0.00000 
    7    7    1    1    1    1    1    1    1    1  0.00000E+00 0.00000 
    8    8    1    1    1    1    1    1    1    1  0.00000E+00 0.00000 
    9    9    1    1    1    1    1    1    1    1  0.00000E+00 0.00000 
   10   10    1    1    1    1    1    1    1    1  0.00000E+00 0.00000 
   11   11    1    1    1    1    1    1    1    1  0.00000E+00 0.00000 
   12   12    1    1    1    1    1    1    1    1  0.00000E+00 0.00000 
   13   13    1    1    1    1    1    1    1    1  0.00000E+00 0.00000 
   14   14    1    1    1    1    1    1    1    1  0.00000E+00 0.00000 
   15   15    1    1    1    1    1    1    1    1  0.00000E+00 0.00000 
   16   16    1    1    1    1    1    1    1    1  0.00000E+00 0.00000 
   17   17    1    1    1    1    1    1    1    1  0.00000E+00 0.00000 
   18   18    1    1    1    1    1    1    1    1  0.00000E+00 0.00000 
   19   19    1    1    1    1    1    1    1    1  0.00000E+00 0.00000 
   20   20    1    1    1    1    1    1    1    1  0.00000E+00 0.00000 
   21   21    1    1    1    1    1    1    1    1  0.00000E+00 0.00000 
   22   22    1    1    1    1    1    1    1    1  0.00000E+00 0.00000 
   23   23    1    1    1    1    1    1    1    1  0.00000E+00 0.00000 
   24   24    1    1    1    1    1    1    1    1  0.00000E+00 0.00000 
   25   25    1    1    1    1    1    1    1    1  2.21171E+13 1.00000 
   26   26    1    1    1    1    1    1    1    1  2.57502E+13 1.00000 
   27   27    1    1    1    1    1    1    1    1  4.65872E+13 0.94846 
   28   28    1    1    1    1    1    1    1    1  4.95266E+13 1.00000 
   29   29    1    1    1    1    1    1    1    1  3.05307E+12 1.00000 
   30   30    1    1    1    1    1    1    1    1  0.00000E+00 0.00000 
   31   31    1    1    1    1    1    1    1    1  3.67738E+12 1.00000 
   32   32    1    1    1    1    1    1    1    1  2.34458E+13 1.00000 
   33   33    1    1    1    1    1    1    1    1  3.37831E+13 1.00000 
   34   34    1    1    1    1    1    1    1    1  2.74900E+13 1.00000 
   35   35    1    1    1    1    1    1    1    1  1.48734E+13 1.00000 
   36   36    1    1    1    1    1    1    1    1  8.68339E+12 1.00000 
   37   37    1    1    1    1    1    1    1    1  3.21091E+12 1.00000 
   38   38    1    1    1    1    1    1    1    1  0.00000E+00 0.00000 
   39   39    1    1    1    1    1    1    1    1  7.54584E+12 1.00000 
   40   40    1    1    1    1    1    1    1    1  1.07182E+14 0.60763 
   41   41    1    1    1    1    1    1    1    1  1.68158E+14 0.53387 
   42   42    1    1    1    1    1    1    1    1  5.36250E+13 0.64771 
   43   43    1    1    1    1    1    1    1    1  5.71717E+13 0.67103 
   44   44    1    1    1    1    1    1    1    1  9.05636E+13 0.60802 
   45   45    1    1    1    1    1    1    1    1  9.19467E+13 0.73700 
   46   46    1    1    1    1    1    1    1    1  3.49757E+13 0.74582 
   47   47    1    1    1    1    1    1    1    1  8.18479E+13 0.86714 
   48   48    1    1    1    1    1    1    1    1  1.51494E+14 0.65058 
   49   49    1    1    1    1    1    1    1    1  1.48835E+14 0.64936 
   50   50    1    1    1    1    1    1    1    1  3.25119E+13 1.00000 
   51   51    1    1    1    1    1    1    1    1  3.28413E+13 1.00000 
   52   52    1    1    1    1    1    1    1    1  3.31760E+13 1.00000 
   53   53    1    1    1    1    1    1    1    1  2.22109E+14 0.86120 
   54   54    1    1    1    1    1    1    1    1  3.38409E+13 1.00000 
   55   55    1    1    1    1    1    1    1    1  2.26904E+14 0.86139 
   56   56    1    1    1    1    1    1    1    1  1.94546E+14 1.00000 
   57   57    1    1    1    1    1    1    1    1  0.00000E+00 0.00000 
   58   58    1    1    1    1    1    1    1    1  3.51306E+13 1.00000 
   59   59    1    1    1    1    1    1    1    1  2.04766E+14 1.00000 
   60   60    1    1    1    1    1    1    1    1  0.00000E+00 0.00000 
   61   61    1    1    1    1    1    1    1    1  0.00000E+00 0.00000 
   62   62    1    1    1    1    1    1    1    1  1.75380E+14 0.81630 
   63   63    1    1    1    1    1    1    1    1  0.00000E+00 0.00000 
   64   64    1    1    1    1    1    1    1    1  2.46413E+14 0.86135 
   65   65    1    1    1    1    1    1    1    1  1.15235E+14 0.75805 
   66   66    1    1    1    1    1    1    1    1  8.67086E+13 1.00000 
   67   67    1    1    1    1    1    1    1    1  1.57713E+13 1.00000 
   68   68    1    1    1    1    1    1    1    1  0.00000E+00 0.00000 
   69   69    1    1    1    1    1    1    1    1  8.64574E+13 0.68309 
   70   70    1    1    1    1    1    1    1    1  1.23834E+14 0.52430 
   71   71    1    1    1    1    1    1    1    1  8.62679E+12 1.00000 
   72   72    1    1    1    1    1    1    1    1  3.53541E+14 0.46069 
   73   73    1    1    1    1    1    1    1    1  2.93898E+14 0.37057 
   74   74    1    1    1    1    1    1    1    1  1.71732E+14 0.39504 
   75   75    1    1    1    1    1    1    1    1  2.02770E+14 0.44748 
   76   76    1    1    1    1    1    1    1    1  2.24206E+14 0.51664 
   77   77    1    1    1    1    1    1    1    1  2.78693E+14 0.32922 
   78   78    1    1    1    1    1    1    1    1  2.92095E+14 0.36818 
   79   79    1    1    1    1    1    1    1    1  2.69923E+14 0.39506 
   80   80    1    1    1    1    1    1    1    1  4.60215E+14 0.28220 
   81   81    1    1    1    1    1    1    1    1  5.06973E+14 0.28978 
   82   82    1    1    1    1    1    1    1    1  6.60708E+14 0.36511 
   83   83    1    1    1    1    1    1    1    1  5.46266E+14 0.37370 
   84   84    1    1    1    1    1    1    1    1  6.56204E+14 0.29050 
   85   85    1    1    1    1    1    1    1    1  6.00999E+14 0.31636 
   86   86    1    1    1    1    1    1    1    1  5.36994E+14 0.36610 
   87   87    1    1    1    1    1    1    1    1  5.65816E+14 0.40463 
   88   88    1    1    1    1    1    1    1    1  3.62279E+14 0.39699 
   89   89    1    1    1    1    1    1    1    1  1.03067E+15 0.27294 
   90   90    1    1    1    1    1    1    1    1  5.60152E+14 0.57648 
   91   91    1    1    1    1    1    1    1    1  3.61939E+14 0.51723 
   92   92    1    1    1    1    1    1    1    1  8.38996E+14 0.29125 
   93   93    1    1    1    1    1    1    1    1  7.64269E+14 0.20166 
   94   94    1    1    1    1    1    1    1    1  7.81796E+14 0.24353 
   95   95    1    1    1    1    1    1    1    1  8.92335E+14 0.21407 
   96   96    1    1    1    1    1    1    1    1  1.49614E+15 0.12720 
   97   97    1    1    1    1    1    1    1    1  2.23555E+15 0.14938 
   98   98    1    1    1    1    1    1    1    1  2.77742E+15 0.12233 
   99   99    1    1    1    1    1    1    1    1  2.67041E+15 0.10993 
  100  100    1    1    1    1    1    1    1    1  2.67312E+15 0.14078 
  101  101    1    1    1    1    1    1    1    1  2.64354E+15 0.13327 
  102  102    1    1    1    1    1    1    1    1  3.64399E+15 0.12097 
  103  103    1    1    1    1    1    1    1    1  3.26839E+15 0.12743 
  104  104    1    1    1    1    1    1    1    1  5.04823E+15 0.13764 
  105  105    1    1    1    1    1    1    1    1  4.97485E+15 0.08419 
  106  106    1    1    1    1    1    1    1    1  5.61706E+15 0.07234 
  107  107    1    1    1    1    1    1    1    1  5.37324E+15 0.08216 
  108  108    1    1    1    1    1    1    1    1  6.44237E+15 0.07345 
  109  109    1    1    1    1    1    1    1    1  8.14226E+15 0.09128 
