
DETspectrum = [
    1    1    1    1    1    1    1    1    1    1  0.00000E+00 0.00000 
    2    2    1    1    1    1    1    1    1    1  0.00000E+00 0.00000 
    3    3    1    1    1    1    1    1    1    1  0.00000E+00 0.00000 
    4    4    1    1    1    1    1    1    1    1  0.00000E+00 0.00000 
    5    5    1    1    1    1    1    1    1    1  0.00000E+00 0.00000 
    6    6    1    1    1    1    1    1    1    1  0.00000E+00 0.00000 
    7    7    1    1    1    1    1    1    1    1  0.00000E+00 0.00000 
    8    8    1    1    1    1    1    1    1    1  0.00000E+00 0.00000 
    9    9    1    1    1    1    1    1    1    1  0.00000E+00 0.00000 
   10   10    1    1    1    1    1    1    1    1  0.00000E+00 0.00000 
   11   11    1    1    1    1    1    1    1    1  0.00000E+00 0.00000 
   12   12    1    1    1    1    1    1    1    1  0.00000E+00 0.00000 
   13   13    1    1    1    1    1    1    1    1  0.00000E+00 0.00000 
   14   14    1    1    1    1    1    1    1    1  0.00000E+00 0.00000 
   15   15    1    1    1    1    1    1    1    1  0.00000E+00 0.00000 
   16   16    1    1    1    1    1    1    1    1  0.00000E+00 0.00000 
   17   17    1    1    1    1    1    1    1    1  0.00000E+00 0.00000 
   18   18    1    1    1    1    1    1    1    1  0.00000E+00 0.00000 
   19   19    1    1    1    1    1    1    1    1  0.00000E+00 0.00000 
   20   20    1    1    1    1    1    1    1    1  2.05222E+12 1.00000 
   21   21    1    1    1    1    1    1    1    1  4.70322E+12 1.00000 
   22   22    1    1    1    1    1    1    1    1  2.64928E+12 1.00000 
   23   23    1    1    1    1    1    1    1    1  1.27472E+12 1.00000 
   24   24    1    1    1    1    1    1    1    1  1.58796E+12 1.00000 
   25   25    1    1    1    1    1    1    1    1  1.88611E+12 1.00000 
   26   26    1    1    1    1    1    1    1    1  2.21144E+12 1.00000 
   27   27    1    1    1    1    1    1    1    1  7.57922E+12 1.00000 
   28   28    1    1    1    1    1    1    1    1  8.52815E+12 1.00000 
   29   29    1    1    1    1    1    1    1    1  9.50279E+12 1.00000 
   30   30    1    1    1    1    1    1    1    1  6.96089E+12 1.00000 
   31   31    1    1    1    1    1    1    1    1  3.79743E+12 1.00000 
   32   32    1    1    1    1    1    1    1    1  4.11522E+12 1.00000 
   33   33    1    1    1    1    1    1    1    1  1.33297E+13 1.00000 
   34   34    1    1    1    1    1    1    1    1  4.76220E+12 1.00000 
   35   35    1    1    1    1    1    1    1    1  2.62725E+12 1.00000 
   36   36    1    1    1    1    1    1    1    1  0.00000E+00 0.00000 
   37   37    1    1    1    1    1    1    1    1  1.63372E+13 1.00000 
   38   38    1    1    1    1    1    1    1    1  2.51450E+13 1.00000 
   39   39    1    1    1    1    1    1    1    1  1.53585E+13 1.00000 
   40   40    1    1    1    1    1    1    1    1  7.83549E+13 0.71597 
   41   41    1    1    1    1    1    1    1    1  2.90774E+13 0.71409 
   42   42    1    1    1    1    1    1    1    1  9.53964E+13 0.65905 
   43   43    1    1    1    1    1    1    1    1  9.44821E+13 0.90094 
   44   44    1    1    1    1    1    1    1    1  5.30529E+13 1.00000 
   45   45    1    1    1    1    1    1    1    1  0.00000E+00 0.00000 
   46   46    1    1    1    1    1    1    1    1  1.15967E+13 1.00000 
   47   47    1    1    1    1    1    1    1    1  0.00000E+00 0.00000 
   48   48    1    1    1    1    1    1    1    1  6.72877E+13 1.00000 
   49   49    1    1    1    1    1    1    1    1  6.90124E+13 1.00000 
   50   50    1    1    1    1    1    1    1    1  0.00000E+00 0.00000 
   51   51    1    1    1    1    1    1    1    1  1.77196E+14 1.00000 
   52   52    1    1    1    1    1    1    1    1  0.00000E+00 0.00000 
   53   53    1    1    1    1    1    1    1    1  0.00000E+00 0.00000 
   54   54    1    1    1    1    1    1    1    1  0.00000E+00 0.00000 
   55   55    1    1    1    1    1    1    1    1  0.00000E+00 0.00000 
   56   56    1    1    1    1    1    1    1    1  0.00000E+00 0.00000 
   57   57    1    1    1    1    1    1    1    1  3.69420E+14 0.70419 
   58   58    1    1    1    1    1    1    1    1  0.00000E+00 0.00000 
   59   59    1    1    1    1    1    1    1    1  3.32383E+13 1.00000 
   60   60    1    1    1    1    1    1    1    1  1.91889E+14 1.00000 
   61   61    1    1    1    1    1    1    1    1  0.00000E+00 0.00000 
   62   62    1    1    1    1    1    1    1    1  0.00000E+00 0.00000 
   63   63    1    1    1    1    1    1    1    1  0.00000E+00 0.00000 
   64   64    1    1    1    1    1    1    1    1  0.00000E+00 0.00000 
   65   65    1    1    1    1    1    1    1    1  0.00000E+00 0.00000 
   66   66    1    1    1    1    1    1    1    1  4.48778E+13 0.74815 
   67   67    1    1    1    1    1    1    1    1  4.66420E+13 1.00000 
   68   68    1    1    1    1    1    1    1    1  1.54008E+13 1.00000 
   69   69    1    1    1    1    1    1    1    1  1.36546E+14 0.50253 
   70   70    1    1    1    1    1    1    1    1  9.52763E+13 0.59737 
   71   71    1    1    1    1    1    1    1    1  8.74222E+13 0.64773 
   72   72    1    1    1    1    1    1    1    1  1.36953E+14 0.81921 
   73   73    1    1    1    1    1    1    1    1  2.02494E+14 0.58003 
   74   74    1    1    1    1    1    1    1    1  1.08708E+14 0.59548 
   75   75    1    1    1    1    1    1    1    1  3.39843E+13 0.52039 
   76   76    1    1    1    1    1    1    1    1  1.46875E+14 0.60303 
   77   77    1    1    1    1    1    1    1    1  2.70250E+14 0.43409 
   78   78    1    1    1    1    1    1    1    1  1.18424E+14 0.93980 
   79   79    1    1    1    1    1    1    1    1  1.76156E+14 0.43902 
   80   80    1    1    1    1    1    1    1    1  2.69159E+14 0.39280 
   81   81    1    1    1    1    1    1    1    1  2.53723E+14 0.60200 
   82   82    1    1    1    1    1    1    1    1  3.27604E+14 0.37774 
   83   83    1    1    1    1    1    1    1    1  2.95384E+14 0.31393 
   84   84    1    1    1    1    1    1    1    1  4.06393E+14 0.43898 
   85   85    1    1    1    1    1    1    1    1  5.06544E+14 0.54578 
   86   86    1    1    1    1    1    1    1    1  6.39579E+14 0.35150 
   87   87    1    1    1    1    1    1    1    1  5.99724E+14 0.38398 
   88   88    1    1    1    1    1    1    1    1  9.11144E+14 0.27196 
   89   89    1    1    1    1    1    1    1    1  7.37733E+14 0.37515 
   90   90    1    1    1    1    1    1    1    1  3.45835E+14 0.64542 
   91   91    1    1    1    1    1    1    1    1  8.61869E+14 0.47755 
   92   92    1    1    1    1    1    1    1    1  7.40251E+14 0.33834 
   93   93    1    1    1    1    1    1    1    1  5.40464E+14 0.21451 
   94   94    1    1    1    1    1    1    1    1  8.61111E+14 0.21612 
   95   95    1    1    1    1    1    1    1    1  8.18835E+14 0.23482 
   96   96    1    1    1    1    1    1    1    1  1.03911E+15 0.16092 
   97   97    1    1    1    1    1    1    1    1  1.40037E+15 0.16956 
   98   98    1    1    1    1    1    1    1    1  1.42818E+15 0.17016 
   99   99    1    1    1    1    1    1    1    1  1.97028E+15 0.11650 
  100  100    1    1    1    1    1    1    1    1  2.39248E+15 0.15230 
  101  101    1    1    1    1    1    1    1    1  2.42608E+15 0.14940 
  102  102    1    1    1    1    1    1    1    1  1.70586E+15 0.12798 
  103  103    1    1    1    1    1    1    1    1  1.92925E+15 0.14468 
  104  104    1    1    1    1    1    1    1    1  3.02911E+15 0.14946 
  105  105    1    1    1    1    1    1    1    1  3.16492E+15 0.08449 
  106  106    1    1    1    1    1    1    1    1  4.91881E+15 0.08488 
  107  107    1    1    1    1    1    1    1    1  4.61952E+15 0.08727 
  108  108    1    1    1    1    1    1    1    1  5.38608E+15 0.06317 
  109  109    1    1    1    1    1    1    1    1  7.32279E+15 0.09545 
