
DETspectrum = [
    1    1    1    1    1    1    1    1    1    1  0.00000E+00 0.00000 
    2    2    1    1    1    1    1    1    1    1  0.00000E+00 0.00000 
    3    3    1    1    1    1    1    1    1    1  0.00000E+00 0.00000 
    4    4    1    1    1    1    1    1    1    1  0.00000E+00 0.00000 
    5    5    1    1    1    1    1    1    1    1  0.00000E+00 0.00000 
    6    6    1    1    1    1    1    1    1    1  0.00000E+00 0.00000 
    7    7    1    1    1    1    1    1    1    1  0.00000E+00 0.00000 
    8    8    1    1    1    1    1    1    1    1  0.00000E+00 0.00000 
    9    9    1    1    1    1    1    1    1    1  0.00000E+00 0.00000 
   10   10    1    1    1    1    1    1    1    1  0.00000E+00 0.00000 
   11   11    1    1    1    1    1    1    1    1  0.00000E+00 0.00000 
   12   12    1    1    1    1    1    1    1    1  0.00000E+00 0.00000 
   13   13    1    1    1    1    1    1    1    1  3.87982E+12 1.00000 
   14   14    1    1    1    1    1    1    1    1  0.00000E+00 0.00000 
   15   15    1    1    1    1    1    1    1    1  0.00000E+00 0.00000 
   16   16    1    1    1    1    1    1    1    1  0.00000E+00 0.00000 
   17   17    1    1    1    1    1    1    1    1  0.00000E+00 0.00000 
   18   18    1    1    1    1    1    1    1    1  0.00000E+00 0.00000 
   19   19    1    1    1    1    1    1    1    1  0.00000E+00 0.00000 
   20   20    1    1    1    1    1    1    1    1  0.00000E+00 0.00000 
   21   21    1    1    1    1    1    1    1    1  0.00000E+00 0.00000 
   22   22    1    1    1    1    1    1    1    1  0.00000E+00 0.00000 
   23   23    1    1    1    1    1    1    1    1  1.48629E+13 0.70416 
   24   24    1    1    1    1    1    1    1    1  0.00000E+00 0.00000 
   25   25    1    1    1    1    1    1    1    1  4.03149E+13 1.00000 
   26   26    1    1    1    1    1    1    1    1  2.39034E+13 0.73202 
   27   27    1    1    1    1    1    1    1    1  1.47366E+13 1.00000 
   28   28    1    1    1    1    1    1    1    1  8.33701E+13 0.82197 
   29   29    1    1    1    1    1    1    1    1  5.53520E+13 0.57252 
   30   30    1    1    1    1    1    1    1    1  1.02330E+14 0.71889 
   31   31    1    1    1    1    1    1    1    1  0.00000E+00 0.00000 
   32   32    1    1    1    1    1    1    1    1  0.00000E+00 0.00000 
   33   33    1    1    1    1    1    1    1    1  7.63268E+13 1.00000 
   34   34    1    1    1    1    1    1    1    1  5.59018E+13 0.70414 
   35   35    1    1    1    1    1    1    1    1  3.72410E+13 0.71565 
   36   36    1    1    1    1    1    1    1    1  9.92777E+13 0.54726 
   37   37    1    1    1    1    1    1    1    1  7.44397E+13 0.78976 
   38   38    1    1    1    1    1    1    1    1  9.33507E+13 0.62768 
   39   39    1    1    1    1    1    1    1    1  3.13686E+13 0.79080 
   40   40    1    1    1    1    1    1    1    1  5.46875E+13 1.00000 
   41   41    1    1    1    1    1    1    1    1  7.08679E+13 0.71908 
   42   42    1    1    1    1    1    1    1    1  8.00539E+13 0.54243 
   43   43    1    1    1    1    1    1    1    1  4.34553E+13 0.68619 
   44   44    1    1    1    1    1    1    1    1  6.20790E+13 0.60832 
   45   45    1    1    1    1    1    1    1    1  1.31808E+14 0.58240 
   46   46    1    1    1    1    1    1    1    1  1.37179E+14 0.60230 
   47   47    1    1    1    1    1    1    1    1  1.01176E+14 0.70438 
   48   48    1    1    1    1    1    1    1    1  4.81603E+13 0.49389 
   49   49    1    1    1    1    1    1    1    1  4.96602E+13 0.60973 
   50   50    1    1    1    1    1    1    1    1  3.14825E+13 1.00000 
   51   51    1    1    1    1    1    1    1    1  9.27429E+13 0.73976 
   52   52    1    1    1    1    1    1    1    1  9.63405E+13 0.57282 
   53   53    1    1    1    1    1    1    1    1  2.16902E+14 0.86258 
   54   54    1    1    1    1    1    1    1    1  9.72135E+13 0.57295 
   55   55    1    1    1    1    1    1    1    1  2.55343E+14 0.76020 
   56   56    1    1    1    1    1    1    1    1  1.00766E+14 0.74482 
   57   57    1    1    1    1    1    1    1    1  6.76855E+13 0.70474 
   58   58    1    1    1    1    1    1    1    1  2.08687E+14 0.71251 
   59   59    1    1    1    1    1    1    1    1  3.42838E+13 1.00000 
   60   60    1    1    1    1    1    1    1    1  2.73243E+14 0.78415 
   61   61    1    1    1    1    1    1    1    1  7.01914E+13 0.70416 
   62   62    1    1    1    1    1    1    1    1  0.00000E+00 0.00000 
   63   63    1    1    1    1    1    1    1    1  4.77802E+14 0.60588 
   64   64    1    1    1    1    1    1    1    1  2.78368E+14 0.88340 
   65   65    1    1    1    1    1    1    1    1  8.71945E+13 0.74017 
   66   66    1    1    1    1    1    1    1    1  2.42839E+14 0.58654 
   67   67    1    1    1    1    1    1    1    1  1.04067E+14 0.61335 
   68   68    1    1    1    1    1    1    1    1  0.00000E+00 0.00000 
   69   69    1    1    1    1    1    1    1    1  5.36173E+13 0.63938 
   70   70    1    1    1    1    1    1    1    1  1.80918E+14 0.60747 
   71   71    1    1    1    1    1    1    1    1  2.95987E+14 0.42756 
   72   72    1    1    1    1    1    1    1    1  2.96476E+14 0.46995 
   73   73    1    1    1    1    1    1    1    1  1.99403E+14 0.45283 
   74   74    1    1    1    1    1    1    1    1  3.19845E+14 0.40238 
   75   75    1    1    1    1    1    1    1    1  1.29578E+14 0.66288 
   76   76    1    1    1    1    1    1    1    1  2.36767E+14 0.35728 
   77   77    1    1    1    1    1    1    1    1  1.78432E+14 0.37541 
   78   78    1    1    1    1    1    1    1    1  6.46242E+14 0.31658 
   79   79    1    1    1    1    1    1    1    1  6.10354E+14 0.33782 
   80   80    1    1    1    1    1    1    1    1  3.39286E+14 0.33678 
   81   81    1    1    1    1    1    1    1    1  5.94430E+14 0.34723 
   82   82    1    1    1    1    1    1    1    1  5.70640E+14 0.29894 
   83   83    1    1    1    1    1    1    1    1  7.26071E+14 0.30108 
   84   84    1    1    1    1    1    1    1    1  6.41747E+14 0.28923 
   85   85    1    1    1    1    1    1    1    1  5.50728E+14 0.28941 
   86   86    1    1    1    1    1    1    1    1  6.08931E+14 0.31277 
   87   87    1    1    1    1    1    1    1    1  7.99034E+14 0.31435 
   88   88    1    1    1    1    1    1    1    1  6.44235E+14 0.29670 
   89   89    1    1    1    1    1    1    1    1  1.14480E+15 0.25704 
   90   90    1    1    1    1    1    1    1    1  1.46352E+15 0.37370 
   91   91    1    1    1    1    1    1    1    1  8.59727E+14 0.31554 
   92   92    1    1    1    1    1    1    1    1  9.71222E+14 0.30883 
   93   93    1    1    1    1    1    1    1    1  9.86437E+14 0.18541 
   94   94    1    1    1    1    1    1    1    1  1.21737E+15 0.26256 
   95   95    1    1    1    1    1    1    1    1  1.21277E+15 0.18328 
   96   96    1    1    1    1    1    1    1    1  1.60081E+15 0.11543 
   97   97    1    1    1    1    1    1    1    1  1.93870E+15 0.14113 
   98   98    1    1    1    1    1    1    1    1  2.11805E+15 0.11740 
   99   99    1    1    1    1    1    1    1    1  2.87000E+15 0.11364 
  100  100    1    1    1    1    1    1    1    1  3.37798E+15 0.13032 
  101  101    1    1    1    1    1    1    1    1  3.05414E+15 0.13400 
  102  102    1    1    1    1    1    1    1    1  2.59333E+15 0.12535 
  103  103    1    1    1    1    1    1    1    1  2.50242E+15 0.13789 
  104  104    1    1    1    1    1    1    1    1  3.19381E+15 0.15611 
  105  105    1    1    1    1    1    1    1    1  4.21492E+15 0.08656 
  106  106    1    1    1    1    1    1    1    1  5.77389E+15 0.08736 
  107  107    1    1    1    1    1    1    1    1  6.05087E+15 0.07216 
  108  108    1    1    1    1    1    1    1    1  6.31404E+15 0.05996 
  109  109    1    1    1    1    1    1    1    1  8.75155E+15 0.08504 
