
DETspectrum = [
    1    1    1    1    1    1    1    1    1    1  0.00000E+00 0.00000 
    2    2    1    1    1    1    1    1    1    1  0.00000E+00 0.00000 
    3    3    1    1    1    1    1    1    1    1  0.00000E+00 0.00000 
    4    4    1    1    1    1    1    1    1    1  0.00000E+00 0.00000 
    5    5    1    1    1    1    1    1    1    1  0.00000E+00 0.00000 
    6    6    1    1    1    1    1    1    1    1  0.00000E+00 0.00000 
    7    7    1    1    1    1    1    1    1    1  0.00000E+00 0.00000 
    8    8    1    1    1    1    1    1    1    1  0.00000E+00 0.00000 
    9    9    1    1    1    1    1    1    1    1  0.00000E+00 0.00000 
   10   10    1    1    1    1    1    1    1    1  0.00000E+00 0.00000 
   11   11    1    1    1    1    1    1    1    1  0.00000E+00 0.00000 
   12   12    1    1    1    1    1    1    1    1  0.00000E+00 0.00000 
   13   13    1    1    1    1    1    1    1    1  0.00000E+00 0.00000 
   14   14    1    1    1    1    1    1    1    1  0.00000E+00 0.00000 
   15   15    1    1    1    1    1    1    1    1  0.00000E+00 0.00000 
   16   16    1    1    1    1    1    1    1    1  0.00000E+00 0.00000 
   17   17    1    1    1    1    1    1    1    1  0.00000E+00 0.00000 
   18   18    1    1    1    1    1    1    1    1  0.00000E+00 0.00000 
   19   19    1    1    1    1    1    1    1    1  0.00000E+00 0.00000 
   20   20    1    1    1    1    1    1    1    1  0.00000E+00 0.00000 
   21   21    1    1    1    1    1    1    1    1  0.00000E+00 0.00000 
   22   22    1    1    1    1    1    1    1    1  0.00000E+00 0.00000 
   23   23    1    1    1    1    1    1    1    1  0.00000E+00 0.00000 
   24   24    1    1    1    1    1    1    1    1  0.00000E+00 0.00000 
   25   25    1    1    1    1    1    1    1    1  0.00000E+00 0.00000 
   26   26    1    1    1    1    1    1    1    1  0.00000E+00 0.00000 
   27   27    1    1    1    1    1    1    1    1  9.74890E+12 1.00000 
   28   28    1    1    1    1    1    1    1    1  1.60643E+13 1.00000 
   29   29    1    1    1    1    1    1    1    1  0.00000E+00 0.00000 
   30   30    1    1    1    1    1    1    1    1  0.00000E+00 0.00000 
   31   31    1    1    1    1    1    1    1    1  0.00000E+00 0.00000 
   32   32    1    1    1    1    1    1    1    1  0.00000E+00 0.00000 
   33   33    1    1    1    1    1    1    1    1  0.00000E+00 0.00000 
   34   34    1    1    1    1    1    1    1    1  0.00000E+00 0.00000 
   35   35    1    1    1    1    1    1    1    1  2.96067E+13 1.00000 
   36   36    1    1    1    1    1    1    1    1  2.24690E+13 0.78327 
   37   37    1    1    1    1    1    1    1    1  2.49258E+13 0.78309 
   38   38    1    1    1    1    1    1    1    1  7.08728E+12 1.00000 
   39   39    1    1    1    1    1    1    1    1  0.00000E+00 0.00000 
   40   40    1    1    1    1    1    1    1    1  7.89311E+12 1.00000 
   41   41    1    1    1    1    1    1    1    1  2.51428E+13 0.84815 
   42   42    1    1    1    1    1    1    1    1  4.51147E+13 1.00000 
   43   43    1    1    1    1    1    1    1    1  3.86494E+13 1.00000 
   44   44    1    1    1    1    1    1    1    1  1.54669E+13 1.00000 
   45   45    1    1    1    1    1    1    1    1  4.21618E+13 0.78239 
   46   46    1    1    1    1    1    1    1    1  0.00000E+00 0.00000 
   47   47    1    1    1    1    1    1    1    1  1.54183E+14 0.61480 
   48   48    1    1    1    1    1    1    1    1  2.40815E+13 0.70413 
   49   49    1    1    1    1    1    1    1    1  4.95083E+13 0.60704 
   50   50    1    1    1    1    1    1    1    1  9.39623E+13 0.74317 
   51   51    1    1    1    1    1    1    1    1  0.00000E+00 0.00000 
   52   52    1    1    1    1    1    1    1    1  0.00000E+00 0.00000 
   53   53    1    1    1    1    1    1    1    1  3.23189E+13 1.00000 
   54   54    1    1    1    1    1    1    1    1  6.51707E+13 0.70413 
   55   55    1    1    1    1    1    1    1    1  6.60682E+13 0.70414 
   56   56    1    1    1    1    1    1    1    1  0.00000E+00 0.00000 
   57   57    1    1    1    1    1    1    1    1  0.00000E+00 0.00000 
   58   58    1    1    1    1    1    1    1    1  0.00000E+00 0.00000 
   59   59    1    1    1    1    1    1    1    1  3.45140E+13 1.00000 
   60   60    1    1    1    1    1    1    1    1  0.00000E+00 0.00000 
   61   61    1    1    1    1    1    1    1    1  0.00000E+00 0.00000 
   62   62    1    1    1    1    1    1    1    1  0.00000E+00 0.00000 
   63   63    1    1    1    1    1    1    1    1  3.54133E+13 1.00000 
   64   64    1    1    1    1    1    1    1    1  0.00000E+00 0.00000 
   65   65    1    1    1    1    1    1    1    1  2.91994E+13 0.70414 
   66   66    1    1    1    1    1    1    1    1  1.48358E+13 1.00000 
   67   67    1    1    1    1    1    1    1    1  4.59537E+13 0.74438 
   68   68    1    1    1    1    1    1    1    1  3.12014E+13 0.70415 
   69   69    1    1    1    1    1    1    1    1  3.19463E+13 0.78818 
   70   70    1    1    1    1    1    1    1    1  5.97063E+13 0.74272 
   71   71    1    1    1    1    1    1    1    1  2.61582E+13 0.57249 
   72   72    1    1    1    1    1    1    1    1  8.97927E+12 1.00000 
   73   73    1    1    1    1    1    1    1    1  8.31854E+13 0.57253 
   74   74    1    1    1    1    1    1    1    1  1.81127E+14 0.48971 
   75   75    1    1    1    1    1    1    1    1  8.55668E+13 0.42393 
   76   76    1    1    1    1    1    1    1    1  1.99181E+14 0.40105 
   77   77    1    1    1    1    1    1    1    1  1.54560E+14 0.44841 
   78   78    1    1    1    1    1    1    1    1  2.44414E+14 0.41113 
   79   79    1    1    1    1    1    1    1    1  2.25782E+14 0.64120 
   80   80    1    1    1    1    1    1    1    1  2.98517E+14 0.41739 
   81   81    1    1    1    1    1    1    1    1  1.63367E+14 0.41064 
   82   82    1    1    1    1    1    1    1    1  1.99585E+14 0.47519 
   83   83    1    1    1    1    1    1    1    1  2.40646E+14 0.52463 
   84   84    1    1    1    1    1    1    1    1  2.77219E+14 0.43823 
   85   85    1    1    1    1    1    1    1    1  4.67908E+14 0.38237 
   86   86    1    1    1    1    1    1    1    1  3.69733E+14 0.36396 
   87   87    1    1    1    1    1    1    1    1  4.49249E+14 0.36334 
   88   88    1    1    1    1    1    1    1    1  8.25628E+14 0.31111 
   89   89    1    1    1    1    1    1    1    1  3.19338E+14 0.34995 
   90   90    1    1    1    1    1    1    1    1  7.37883E+14 0.45028 
   91   91    1    1    1    1    1    1    1    1  6.87875E+14 0.35929 
   92   92    1    1    1    1    1    1    1    1  6.80804E+14 0.31345 
   93   93    1    1    1    1    1    1    1    1  4.86346E+14 0.25616 
   94   94    1    1    1    1    1    1    1    1  5.79896E+14 0.27969 
   95   95    1    1    1    1    1    1    1    1  9.42789E+14 0.26354 
   96   96    1    1    1    1    1    1    1    1  1.10421E+15 0.14282 
   97   97    1    1    1    1    1    1    1    1  1.82237E+15 0.18050 
   98   98    1    1    1    1    1    1    1    1  1.29843E+15 0.14497 
   99   99    1    1    1    1    1    1    1    1  2.16457E+15 0.11387 
  100  100    1    1    1    1    1    1    1    1  2.12296E+15 0.15801 
  101  101    1    1    1    1    1    1    1    1  1.96986E+15 0.15683 
  102  102    1    1    1    1    1    1    1    1  1.85495E+15 0.14071 
  103  103    1    1    1    1    1    1    1    1  1.99540E+15 0.15291 
  104  104    1    1    1    1    1    1    1    1  3.40992E+15 0.16873 
  105  105    1    1    1    1    1    1    1    1  3.53413E+15 0.09229 
  106  106    1    1    1    1    1    1    1    1  4.91134E+15 0.08085 
  107  107    1    1    1    1    1    1    1    1  5.22296E+15 0.07283 
  108  108    1    1    1    1    1    1    1    1  5.76140E+15 0.05900 
  109  109    1    1    1    1    1    1    1    1  6.94104E+15 0.09707 
