
DETspectrum = [
    1    1    1    1    1    1    1    1    1    1  0.00000E+00 0.00000 
    2    2    1    1    1    1    1    1    1    1  0.00000E+00 0.00000 
    3    3    1    1    1    1    1    1    1    1  0.00000E+00 0.00000 
    4    4    1    1    1    1    1    1    1    1  0.00000E+00 0.00000 
    5    5    1    1    1    1    1    1    1    1  0.00000E+00 0.00000 
    6    6    1    1    1    1    1    1    1    1  0.00000E+00 0.00000 
    7    7    1    1    1    1    1    1    1    1  0.00000E+00 0.00000 
    8    8    1    1    1    1    1    1    1    1  0.00000E+00 0.00000 
    9    9    1    1    1    1    1    1    1    1  0.00000E+00 0.00000 
   10   10    1    1    1    1    1    1    1    1  0.00000E+00 0.00000 
   11   11    1    1    1    1    1    1    1    1  0.00000E+00 0.00000 
   12   12    1    1    1    1    1    1    1    1  0.00000E+00 0.00000 
   13   13    1    1    1    1    1    1    1    1  0.00000E+00 0.00000 
   14   14    1    1    1    1    1    1    1    1  0.00000E+00 0.00000 
   15   15    1    1    1    1    1    1    1    1  0.00000E+00 0.00000 
   16   16    1    1    1    1    1    1    1    1  0.00000E+00 0.00000 
   17   17    1    1    1    1    1    1    1    1  0.00000E+00 0.00000 
   18   18    1    1    1    1    1    1    1    1  0.00000E+00 0.00000 
   19   19    1    1    1    1    1    1    1    1  0.00000E+00 0.00000 
   20   20    1    1    1    1    1    1    1    1  0.00000E+00 0.00000 
   21   21    1    1    1    1    1    1    1    1  0.00000E+00 0.00000 
   22   22    1    1    1    1    1    1    1    1  0.00000E+00 0.00000 
   23   23    1    1    1    1    1    1    1    1  0.00000E+00 0.00000 
   24   24    1    1    1    1    1    1    1    1  0.00000E+00 0.00000 
   25   25    1    1    1    1    1    1    1    1  0.00000E+00 0.00000 
   26   26    1    1    1    1    1    1    1    1  0.00000E+00 0.00000 
   27   27    1    1    1    1    1    1    1    1  0.00000E+00 0.00000 
   28   28    1    1    1    1    1    1    1    1  5.44702E+12 1.00000 
   29   29    1    1    1    1    1    1    1    1  3.02499E+12 1.00000 
   30   30    1    1    1    1    1    1    1    1  3.33287E+12 1.00000 
   31   31    1    1    1    1    1    1    1    1  3.63645E+12 1.00000 
   32   32    1    1    1    1    1    1    1    1  2.20139E+13 1.00000 
   33   33    1    1    1    1    1    1    1    1  2.34601E+13 1.00000 
   34   34    1    1    1    1    1    1    1    1  2.26894E+13 0.71932 
   35   35    1    1    1    1    1    1    1    1  3.76330E+13 0.82291 
   36   36    1    1    1    1    1    1    1    1  2.09183E+13 0.71705 
   37   37    1    1    1    1    1    1    1    1  2.50514E+13 1.00000 
   38   38    1    1    1    1    1    1    1    1  1.03128E+13 1.00000 
   39   39    1    1    1    1    1    1    1    1  7.35299E+12 1.00000 
   40   40    1    1    1    1    1    1    1    1  0.00000E+00 0.00000 
   41   41    1    1    1    1    1    1    1    1  4.92392E+13 0.91682 
   42   42    1    1    1    1    1    1    1    1  8.83564E+12 1.00000 
   43   43    1    1    1    1    1    1    1    1  1.04739E+14 0.67337 
   44   44    1    1    1    1    1    1    1    1  3.29993E+13 0.85937 
   45   45    1    1    1    1    1    1    1    1  9.43439E+13 0.75423 
   46   46    1    1    1    1    1    1    1    1  1.39771E+14 0.65168 
   47   47    1    1    1    1    1    1    1    1  0.00000E+00 0.00000 
   48   48    1    1    1    1    1    1    1    1  6.64269E+13 1.00000 
   49   49    1    1    1    1    1    1    1    1  1.35000E+14 0.70416 
   50   50    1    1    1    1    1    1    1    1  1.59618E+14 0.83066 
   51   51    1    1    1    1    1    1    1    1  0.00000E+00 0.00000 
   52   52    1    1    1    1    1    1    1    1  0.00000E+00 0.00000 
   53   53    1    1    1    1    1    1    1    1  3.33164E+13 1.00000 
   54   54    1    1    1    1    1    1    1    1  3.12937E+14 0.70971 
   55   55    1    1    1    1    1    1    1    1  1.31056E+14 1.00000 
   56   56    1    1    1    1    1    1    1    1  1.85162E+14 1.00000 
   57   57    1    1    1    1    1    1    1    1  0.00000E+00 0.00000 
   58   58    1    1    1    1    1    1    1    1  0.00000E+00 0.00000 
   59   59    1    1    1    1    1    1    1    1  1.89728E+14 1.00000 
   60   60    1    1    1    1    1    1    1    1  1.94126E+14 1.00000 
   61   61    1    1    1    1    1    1    1    1  1.92992E+14 1.00000 
   62   62    1    1    1    1    1    1    1    1  1.97076E+14 1.00000 
   63   63    1    1    1    1    1    1    1    1  1.98726E+14 1.00000 
   64   64    1    1    1    1    1    1    1    1  3.69643E+13 1.00000 
   65   65    1    1    1    1    1    1    1    1  3.68329E+14 0.59410 
   66   66    1    1    1    1    1    1    1    1  1.08854E+14 0.74619 
   67   67    1    1    1    1    1    1    1    1  4.04943E+14 0.52373 
   68   68    1    1    1    1    1    1    1    1  8.10374E+13 1.00000 
   69   69    1    1    1    1    1    1    1    1  4.05100E+13 1.00000 
   70   70    1    1    1    1    1    1    1    1  1.18040E+14 0.54565 
   71   71    1    1    1    1    1    1    1    1  2.79592E+14 0.49014 
   72   72    1    1    1    1    1    1    1    1  1.85831E+14 0.63584 
   73   73    1    1    1    1    1    1    1    1  1.30807E+14 0.57460 
   74   74    1    1    1    1    1    1    1    1  1.39234E+14 0.51997 
   75   75    1    1    1    1    1    1    1    1  1.53437E+14 0.45141 
   76   76    1    1    1    1    1    1    1    1  1.09983E+14 0.44744 
   77   77    1    1    1    1    1    1    1    1  5.85309E+13 0.61869 
   78   78    1    1    1    1    1    1    1    1  9.93650E+13 0.60458 
   79   79    1    1    1    1    1    1    1    1  2.36039E+14 0.53210 
   80   80    1    1    1    1    1    1    1    1  2.09651E+14 0.54759 
   81   81    1    1    1    1    1    1    1    1  3.34003E+14 0.39044 
   82   82    1    1    1    1    1    1    1    1  2.03598E+14 0.53327 
   83   83    1    1    1    1    1    1    1    1  3.80723E+14 0.60915 
   84   84    1    1    1    1    1    1    1    1  5.21906E+14 0.34750 
   85   85    1    1    1    1    1    1    1    1  1.66303E+14 0.47457 
   86   86    1    1    1    1    1    1    1    1  2.98537E+14 0.41369 
   87   87    1    1    1    1    1    1    1    1  6.62329E+14 0.28767 
   88   88    1    1    1    1    1    1    1    1  6.91699E+14 0.32044 
   89   89    1    1    1    1    1    1    1    1  4.45412E+14 0.29873 
   90   90    1    1    1    1    1    1    1    1  1.04501E+15 0.45127 
   91   91    1    1    1    1    1    1    1    1  9.48079E+14 0.51357 
   92   92    1    1    1    1    1    1    1    1  8.15127E+14 0.34787 
   93   93    1    1    1    1    1    1    1    1  7.97052E+14 0.22385 
   94   94    1    1    1    1    1    1    1    1  7.60835E+14 0.20642 
   95   95    1    1    1    1    1    1    1    1  1.05256E+15 0.22150 
   96   96    1    1    1    1    1    1    1    1  1.15359E+15 0.14341 
   97   97    1    1    1    1    1    1    1    1  1.74314E+15 0.15709 
   98   98    1    1    1    1    1    1    1    1  1.57065E+15 0.12512 
   99   99    1    1    1    1    1    1    1    1  1.83948E+15 0.11904 
  100  100    1    1    1    1    1    1    1    1  2.06058E+15 0.16205 
  101  101    1    1    1    1    1    1    1    1  2.37828E+15 0.13884 
  102  102    1    1    1    1    1    1    1    1  2.18117E+15 0.13878 
  103  103    1    1    1    1    1    1    1    1  2.17147E+15 0.14367 
  104  104    1    1    1    1    1    1    1    1  2.43441E+15 0.19724 
  105  105    1    1    1    1    1    1    1    1  3.87836E+15 0.08527 
  106  106    1    1    1    1    1    1    1    1  4.48964E+15 0.09124 
  107  107    1    1    1    1    1    1    1    1  4.15473E+15 0.08031 
  108  108    1    1    1    1    1    1    1    1  4.93716E+15 0.07026 
  109  109    1    1    1    1    1    1    1    1  6.48003E+15 0.11146 
