
DETspectrum = [
    1    1    1    1    1    1    1    1    1    1  0.00000E+00 0.00000 
    2    2    1    1    1    1    1    1    1    1  0.00000E+00 0.00000 
    3    3    1    1    1    1    1    1    1    1  0.00000E+00 0.00000 
    4    4    1    1    1    1    1    1    1    1  0.00000E+00 0.00000 
    5    5    1    1    1    1    1    1    1    1  0.00000E+00 0.00000 
    6    6    1    1    1    1    1    1    1    1  0.00000E+00 0.00000 
    7    7    1    1    1    1    1    1    1    1  0.00000E+00 0.00000 
    8    8    1    1    1    1    1    1    1    1  0.00000E+00 0.00000 
    9    9    1    1    1    1    1    1    1    1  0.00000E+00 0.00000 
   10   10    1    1    1    1    1    1    1    1  0.00000E+00 0.00000 
   11   11    1    1    1    1    1    1    1    1  0.00000E+00 0.00000 
   12   12    1    1    1    1    1    1    1    1  0.00000E+00 0.00000 
   13   13    1    1    1    1    1    1    1    1  0.00000E+00 0.00000 
   14   14    1    1    1    1    1    1    1    1  0.00000E+00 0.00000 
   15   15    1    1    1    1    1    1    1    1  0.00000E+00 0.00000 
   16   16    1    1    1    1    1    1    1    1  0.00000E+00 0.00000 
   17   17    1    1    1    1    1    1    1    1  0.00000E+00 0.00000 
   18   18    1    1    1    1    1    1    1    1  0.00000E+00 0.00000 
   19   19    1    1    1    1    1    1    1    1  0.00000E+00 0.00000 
   20   20    1    1    1    1    1    1    1    1  0.00000E+00 0.00000 
   21   21    1    1    1    1    1    1    1    1  0.00000E+00 0.00000 
   22   22    1    1    1    1    1    1    1    1  0.00000E+00 0.00000 
   23   23    1    1    1    1    1    1    1    1  0.00000E+00 0.00000 
   24   24    1    1    1    1    1    1    1    1  0.00000E+00 0.00000 
   25   25    1    1    1    1    1    1    1    1  0.00000E+00 0.00000 
   26   26    1    1    1    1    1    1    1    1  0.00000E+00 0.00000 
   27   27    1    1    1    1    1    1    1    1  0.00000E+00 0.00000 
   28   28    1    1    1    1    1    1    1    1  0.00000E+00 0.00000 
   29   29    1    1    1    1    1    1    1    1  0.00000E+00 0.00000 
   30   30    1    1    1    1    1    1    1    1  0.00000E+00 0.00000 
   31   31    1    1    1    1    1    1    1    1  0.00000E+00 0.00000 
   32   32    1    1    1    1    1    1    1    1  4.40417E+12 1.00000 
   33   33    1    1    1    1    1    1    1    1  4.74512E+12 1.00000 
   34   34    1    1    1    1    1    1    1    1  1.57436E+13 0.73444 
   35   35    1    1    1    1    1    1    1    1  5.86184E+12 0.70479 
   36   36    1    1    1    1    1    1    1    1  1.03085E+13 1.00000 
   37   37    1    1    1    1    1    1    1    1  3.43001E+13 1.00000 
   38   38    1    1    1    1    1    1    1    1  2.89761E+13 0.87649 
   39   39    1    1    1    1    1    1    1    1  3.43107E+13 0.70480 
   40   40    1    1    1    1    1    1    1    1  6.47666E+13 0.65577 
   41   41    1    1    1    1    1    1    1    1  5.15669E+13 0.72315 
   42   42    1    1    1    1    1    1    1    1  5.98803E+13 0.69451 
   43   43    1    1    1    1    1    1    1    1  5.93804E+13 0.69532 
   44   44    1    1    1    1    1    1    1    1  2.92209E+13 0.51703 
   45   45    1    1    1    1    1    1    1    1  1.88933E+13 0.75190 
   46   46    1    1    1    1    1    1    1    1  2.72022E+13 0.70414 
   47   47    1    1    1    1    1    1    1    1  2.59432E+13 0.70424 
   48   48    1    1    1    1    1    1    1    1  2.66676E+13 0.70423 
   49   49    1    1    1    1    1    1    1    1  1.39284E+13 1.00000 
   50   50    1    1    1    1    1    1    1    1  2.73426E+14 0.74837 
   51   51    1    1    1    1    1    1    1    1  2.00143E+14 1.00000 
   52   52    1    1    1    1    1    1    1    1  3.81235E+13 1.00000 
   53   53    1    1    1    1    1    1    1    1  3.85132E+13 1.00000 
   54   54    1    1    1    1    1    1    1    1  3.88964E+13 1.00000 
   55   55    1    1    1    1    1    1    1    1  2.04422E+14 1.00000 
   56   56    1    1    1    1    1    1    1    1  4.57762E+14 0.91674 
   57   57    1    1    1    1    1    1    1    1  4.00354E+13 1.00000 
   58   58    1    1    1    1    1    1    1    1  2.91450E+14 0.75192 
   59   59    1    1    1    1    1    1    1    1  7.47983E+13 1.00000 
   60   60    1    1    1    1    1    1    1    1  8.28116E+13 0.70414 
   61   61    1    1    1    1    1    1    1    1  2.14721E+14 1.00000 
   62   62    1    1    1    1    1    1    1    1  0.00000E+00 0.00000 
   63   63    1    1    1    1    1    1    1    1  0.00000E+00 0.00000 
   64   64    1    1    1    1    1    1    1    1  3.91594E+13 1.00000 
   65   65    1    1    1    1    1    1    1    1  1.04843E+14 0.86047 
   66   66    1    1    1    1    1    1    1    1  6.78219E+13 0.60679 
   67   67    1    1    1    1    1    1    1    1  1.02011E+14 0.69338 
   68   68    1    1    1    1    1    1    1    1  5.48409E+13 0.74677 
   69   69    1    1    1    1    1    1    1    1  2.73427E+13 0.57286 
   70   70    1    1    1    1    1    1    1    1  1.43462E+14 0.64536 
   71   71    1    1    1    1    1    1    1    1  5.93913E+13 0.61154 
   72   72    1    1    1    1    1    1    1    1  9.39282E+13 0.61377 
   73   73    1    1    1    1    1    1    1    1  1.27100E+14 0.68688 
   74   74    1    1    1    1    1    1    1    1  9.89519E+13 0.65215 
   75   75    1    1    1    1    1    1    1    1  1.12545E+14 0.50160 
   76   76    1    1    1    1    1    1    1    1  1.26031E+14 0.40063 
   77   77    1    1    1    1    1    1    1    1  1.34802E+14 0.41356 
   78   78    1    1    1    1    1    1    1    1  2.06122E+14 0.46150 
   79   79    1    1    1    1    1    1    1    1  7.14343E+13 0.61161 
   80   80    1    1    1    1    1    1    1    1  2.59775E+14 0.29312 
   81   81    1    1    1    1    1    1    1    1  8.72865E+13 0.53721 
   82   82    1    1    1    1    1    1    1    1  1.79133E+14 0.52914 
   83   83    1    1    1    1    1    1    1    1  1.57481E+14 0.42433 
   84   84    1    1    1    1    1    1    1    1  8.95158E+13 0.64692 
   85   85    1    1    1    1    1    1    1    1  4.32979E+14 0.38158 
   86   86    1    1    1    1    1    1    1    1  5.27096E+14 0.34051 
   87   87    1    1    1    1    1    1    1    1  3.54234E+14 0.50557 
   88   88    1    1    1    1    1    1    1    1  3.32783E+14 0.38044 
   89   89    1    1    1    1    1    1    1    1  4.93429E+14 0.33565 
   90   90    1    1    1    1    1    1    1    1  5.69207E+14 0.50947 
   91   91    1    1    1    1    1    1    1    1  2.26088E+14 0.55764 
   92   92    1    1    1    1    1    1    1    1  3.71855E+14 0.35547 
   93   93    1    1    1    1    1    1    1    1  4.58536E+14 0.24506 
   94   94    1    1    1    1    1    1    1    1  2.90587E+14 0.29457 
   95   95    1    1    1    1    1    1    1    1  5.28037E+14 0.29368 
   96   96    1    1    1    1    1    1    1    1  7.54523E+14 0.16112 
   97   97    1    1    1    1    1    1    1    1  1.22903E+15 0.16075 
   98   98    1    1    1    1    1    1    1    1  1.29323E+15 0.14699 
   99   99    1    1    1    1    1    1    1    1  1.56259E+15 0.13240 
  100  100    1    1    1    1    1    1    1    1  2.51470E+15 0.17629 
  101  101    1    1    1    1    1    1    1    1  2.16302E+15 0.16317 
  102  102    1    1    1    1    1    1    1    1  1.87845E+15 0.15234 
  103  103    1    1    1    1    1    1    1    1  1.84882E+15 0.13781 
  104  104    1    1    1    1    1    1    1    1  2.03754E+15 0.21766 
  105  105    1    1    1    1    1    1    1    1  3.14156E+15 0.08894 
  106  106    1    1    1    1    1    1    1    1  4.09185E+15 0.08625 
  107  107    1    1    1    1    1    1    1    1  5.21256E+15 0.08750 
  108  108    1    1    1    1    1    1    1    1  5.91568E+15 0.06568 
  109  109    1    1    1    1    1    1    1    1  6.69775E+15 0.11201 
