
DETspectrum = [
    1    1    1    1    1    1    1    1    1    1  0.00000E+00 0.00000 
    2    2    1    1    1    1    1    1    1    1  0.00000E+00 0.00000 
    3    3    1    1    1    1    1    1    1    1  0.00000E+00 0.00000 
    4    4    1    1    1    1    1    1    1    1  0.00000E+00 0.00000 
    5    5    1    1    1    1    1    1    1    1  0.00000E+00 0.00000 
    6    6    1    1    1    1    1    1    1    1  0.00000E+00 0.00000 
    7    7    1    1    1    1    1    1    1    1  0.00000E+00 0.00000 
    8    8    1    1    1    1    1    1    1    1  0.00000E+00 0.00000 
    9    9    1    1    1    1    1    1    1    1  0.00000E+00 0.00000 
   10   10    1    1    1    1    1    1    1    1  0.00000E+00 0.00000 
   11   11    1    1    1    1    1    1    1    1  0.00000E+00 0.00000 
   12   12    1    1    1    1    1    1    1    1  0.00000E+00 0.00000 
   13   13    1    1    1    1    1    1    1    1  0.00000E+00 0.00000 
   14   14    1    1    1    1    1    1    1    1  0.00000E+00 0.00000 
   15   15    1    1    1    1    1    1    1    1  0.00000E+00 0.00000 
   16   16    1    1    1    1    1    1    1    1  0.00000E+00 0.00000 
   17   17    1    1    1    1    1    1    1    1  0.00000E+00 0.00000 
   18   18    1    1    1    1    1    1    1    1  0.00000E+00 0.00000 
   19   19    1    1    1    1    1    1    1    1  0.00000E+00 0.00000 
   20   20    1    1    1    1    1    1    1    1  0.00000E+00 0.00000 
   21   21    1    1    1    1    1    1    1    1  0.00000E+00 0.00000 
   22   22    1    1    1    1    1    1    1    1  0.00000E+00 0.00000 
   23   23    1    1    1    1    1    1    1    1  3.45457E+13 1.00000 
   24   24    1    1    1    1    1    1    1    1  3.19781E+13 1.00000 
   25   25    1    1    1    1    1    1    1    1  2.73875E+13 0.92800 
   26   26    1    1    1    1    1    1    1    1  6.60715E+13 0.70626 
   27   27    1    1    1    1    1    1    1    1  2.25642E+13 0.78774 
   28   28    1    1    1    1    1    1    1    1  5.32224E+13 0.54857 
   29   29    1    1    1    1    1    1    1    1  1.40869E+13 1.00000 
   30   30    1    1    1    1    1    1    1    1  5.41123E+13 0.59217 
   31   31    1    1    1    1    1    1    1    1  1.27245E+13 0.74209 
   32   32    1    1    1    1    1    1    1    1  4.96523E+13 0.61327 
   33   33    1    1    1    1    1    1    1    1  6.92415E+13 0.61804 
   34   34    1    1    1    1    1    1    1    1  1.07125E+13 1.00000 
   35   35    1    1    1    1    1    1    1    1  1.26037E+14 0.62280 
   36   36    1    1    1    1    1    1    1    1  1.02788E+14 0.40608 
   37   37    1    1    1    1    1    1    1    1  2.49035E+14 0.63548 
   38   38    1    1    1    1    1    1    1    1  1.97528E+14 0.45325 
   39   39    1    1    1    1    1    1    1    1  1.06105E+14 0.61484 
   40   40    1    1    1    1    1    1    1    1  2.14474E+14 0.50848 
   41   41    1    1    1    1    1    1    1    1  1.81265E+14 0.54231 
   42   42    1    1    1    1    1    1    1    1  1.42372E+14 0.59924 
   43   43    1    1    1    1    1    1    1    1  1.06873E+14 0.66094 
   44   44    1    1    1    1    1    1    1    1  1.11780E+14 0.49488 
   45   45    1    1    1    1    1    1    1    1  4.24383E+14 0.42081 
   46   46    1    1    1    1    1    1    1    1  5.95484E+14 0.55276 
   47   47    1    1    1    1    1    1    1    1  6.14352E+14 0.47181 
   48   48    1    1    1    1    1    1    1    1  5.41446E+14 0.54398 
   49   49    1    1    1    1    1    1    1    1  4.80216E+14 0.61947 
   50   50    1    1    1    1    1    1    1    1  4.91922E+14 0.60738 
   51   51    1    1    1    1    1    1    1    1  1.10797E+14 0.57272 
   52   52    1    1    1    1    1    1    1    1  2.22205E+14 0.71324 
   53   53    1    1    1    1    1    1    1    1  2.16646E+14 1.00000 
   54   54    1    1    1    1    1    1    1    1  4.49988E+14 0.61716 
   55   55    1    1    1    1    1    1    1    1  3.78427E+13 1.00000 
   56   56    1    1    1    1    1    1    1    1  0.00000E+00 0.00000 
   57   57    1    1    1    1    1    1    1    1  3.36672E+14 0.69256 
   58   58    1    1    1    1    1    1    1    1  1.13445E+14 0.73993 
   59   59    1    1    1    1    1    1    1    1  0.00000E+00 0.00000 
   60   60    1    1    1    1    1    1    1    1  9.27356E+14 0.46323 
   61   61    1    1    1    1    1    1    1    1  3.09930E+14 0.76824 
   62   62    1    1    1    1    1    1    1    1  5.42122E+14 0.61835 
   63   63    1    1    1    1    1    1    1    1  3.22455E+14 0.58538 
   64   64    1    1    1    1    1    1    1    1  4.20995E+13 1.00000 
   65   65    1    1    1    1    1    1    1    1  3.00249E+14 0.46804 
   66   66    1    1    1    1    1    1    1    1  4.94181E+14 0.40767 
   67   67    1    1    1    1    1    1    1    1  3.88976E+14 0.47941 
   68   68    1    1    1    1    1    1    1    1  2.90657E+14 0.55258 
   69   69    1    1    1    1    1    1    1    1  5.74035E+14 0.42627 
   70   70    1    1    1    1    1    1    1    1  5.56557E+14 0.43227 
   71   71    1    1    1    1    1    1    1    1  4.59034E+14 0.46899 
   72   72    1    1    1    1    1    1    1    1  3.17422E+14 0.64530 
   73   73    1    1    1    1    1    1    1    1  2.73856E+14 0.44033 
   74   74    1    1    1    1    1    1    1    1  5.05208E+14 0.31256 
   75   75    1    1    1    1    1    1    1    1  5.85702E+14 0.30060 
   76   76    1    1    1    1    1    1    1    1  5.78173E+14 0.33363 
   77   77    1    1    1    1    1    1    1    1  5.82524E+14 0.31136 
   78   78    1    1    1    1    1    1    1    1  4.60379E+14 0.38627 
   79   79    1    1    1    1    1    1    1    1  8.19582E+14 0.30963 
   80   80    1    1    1    1    1    1    1    1  7.57296E+14 0.29026 
   81   81    1    1    1    1    1    1    1    1  5.95889E+14 0.32063 
   82   82    1    1    1    1    1    1    1    1  8.74057E+14 0.23414 
   83   83    1    1    1    1    1    1    1    1  9.50858E+14 0.32421 
   84   84    1    1    1    1    1    1    1    1  9.10807E+14 0.31849 
   85   85    1    1    1    1    1    1    1    1  1.34271E+15 0.25440 
   86   86    1    1    1    1    1    1    1    1  2.15815E+15 0.25133 
   87   87    1    1    1    1    1    1    1    1  8.85092E+14 0.29926 
   88   88    1    1    1    1    1    1    1    1  1.40826E+15 0.24969 
   89   89    1    1    1    1    1    1    1    1  1.36112E+15 0.30828 
   90   90    1    1    1    1    1    1    1    1  1.70756E+15 0.45711 
   91   91    1    1    1    1    1    1    1    1  1.59623E+15 0.31776 
   92   92    1    1    1    1    1    1    1    1  1.43956E+15 0.27617 
   93   93    1    1    1    1    1    1    1    1  1.15781E+15 0.17251 
   94   94    1    1    1    1    1    1    1    1  1.35879E+15 0.19818 
   95   95    1    1    1    1    1    1    1    1  1.54970E+15 0.19260 
   96   96    1    1    1    1    1    1    1    1  2.35034E+15 0.10722 
   97   97    1    1    1    1    1    1    1    1  2.53373E+15 0.13573 
   98   98    1    1    1    1    1    1    1    1  3.29773E+15 0.12050 
   99   99    1    1    1    1    1    1    1    1  3.66958E+15 0.11493 
  100  100    1    1    1    1    1    1    1    1  4.53886E+15 0.12981 
  101  101    1    1    1    1    1    1    1    1  3.92007E+15 0.13310 
  102  102    1    1    1    1    1    1    1    1  4.31831E+15 0.12041 
  103  103    1    1    1    1    1    1    1    1  3.92187E+15 0.17781 
  104  104    1    1    1    1    1    1    1    1  5.54058E+15 0.14442 
  105  105    1    1    1    1    1    1    1    1  5.52019E+15 0.07304 
  106  106    1    1    1    1    1    1    1    1  7.88363E+15 0.06867 
  107  107    1    1    1    1    1    1    1    1  7.51431E+15 0.06891 
  108  108    1    1    1    1    1    1    1    1  7.93230E+15 0.06260 
  109  109    1    1    1    1    1    1    1    1  9.73604E+15 0.08123 
