
DETspectrum = [
    1    1    1    1    1    1    1    1    1    1  0.00000E+00 0.00000 
    2    2    1    1    1    1    1    1    1    1  0.00000E+00 0.00000 
    3    3    1    1    1    1    1    1    1    1  0.00000E+00 0.00000 
    4    4    1    1    1    1    1    1    1    1  0.00000E+00 0.00000 
    5    5    1    1    1    1    1    1    1    1  0.00000E+00 0.00000 
    6    6    1    1    1    1    1    1    1    1  0.00000E+00 0.00000 
    7    7    1    1    1    1    1    1    1    1  0.00000E+00 0.00000 
    8    8    1    1    1    1    1    1    1    1  0.00000E+00 0.00000 
    9    9    1    1    1    1    1    1    1    1  0.00000E+00 0.00000 
   10   10    1    1    1    1    1    1    1    1  0.00000E+00 0.00000 
   11   11    1    1    1    1    1    1    1    1  0.00000E+00 0.00000 
   12   12    1    1    1    1    1    1    1    1  0.00000E+00 0.00000 
   13   13    1    1    1    1    1    1    1    1  0.00000E+00 0.00000 
   14   14    1    1    1    1    1    1    1    1  0.00000E+00 0.00000 
   15   15    1    1    1    1    1    1    1    1  0.00000E+00 0.00000 
   16   16    1    1    1    1    1    1    1    1  0.00000E+00 0.00000 
   17   17    1    1    1    1    1    1    1    1  0.00000E+00 0.00000 
   18   18    1    1    1    1    1    1    1    1  0.00000E+00 0.00000 
   19   19    1    1    1    1    1    1    1    1  0.00000E+00 0.00000 
   20   20    1    1    1    1    1    1    1    1  0.00000E+00 0.00000 
   21   21    1    1    1    1    1    1    1    1  0.00000E+00 0.00000 
   22   22    1    1    1    1    1    1    1    1  0.00000E+00 0.00000 
   23   23    1    1    1    1    1    1    1    1  0.00000E+00 0.00000 
   24   24    1    1    1    1    1    1    1    1  0.00000E+00 0.00000 
   25   25    1    1    1    1    1    1    1    1  1.27171E+13 1.00000 
   26   26    1    1    1    1    1    1    1    1  1.72606E+13 1.00000 
   27   27    1    1    1    1    1    1    1    1  1.68106E+13 1.00000 
   28   28    1    1    1    1    1    1    1    1  1.24080E+13 1.00000 
   29   29    1    1    1    1    1    1    1    1  3.13699E+13 0.79214 
   30   30    1    1    1    1    1    1    1    1  1.14369E+13 0.74087 
   31   31    1    1    1    1    1    1    1    1  6.20700E+13 0.80919 
   32   32    1    1    1    1    1    1    1    1  6.25230E+13 1.00000 
   33   33    1    1    1    1    1    1    1    1  4.34585E+13 0.89256 
   34   34    1    1    1    1    1    1    1    1  1.57494E+13 0.57250 
   35   35    1    1    1    1    1    1    1    1  6.37899E+13 0.74940 
   36   36    1    1    1    1    1    1    1    1  5.21618E+13 0.58934 
   37   37    1    1    1    1    1    1    1    1  9.16707E+13 0.59464 
   38   38    1    1    1    1    1    1    1    1  3.50987E+13 0.80341 
   39   39    1    1    1    1    1    1    1    1  2.09586E+14 0.43235 
   40   40    1    1    1    1    1    1    1    1  4.07974E+14 0.57148 
   41   41    1    1    1    1    1    1    1    1  3.30940E+13 0.54433 
   42   42    1    1    1    1    1    1    1    1  1.61453E+14 0.60955 
   43   43    1    1    1    1    1    1    1    1  9.44469E+13 0.51360 
   44   44    1    1    1    1    1    1    1    1  1.58600E+14 0.53240 
   45   45    1    1    1    1    1    1    1    1  2.81375E+14 0.62897 
   46   46    1    1    1    1    1    1    1    1  4.14300E+14 0.49641 
   47   47    1    1    1    1    1    1    1    1  4.18525E+14 0.61189 
   48   48    1    1    1    1    1    1    1    1  6.48445E+14 0.39591 
   49   49    1    1    1    1    1    1    1    1  3.31596E+14 0.53003 
   50   50    1    1    1    1    1    1    1    1  4.09737E+14 0.70426 
   51   51    1    1    1    1    1    1    1    1  2.43336E+14 0.86629 
   52   52    1    1    1    1    1    1    1    1  5.61689E+14 0.53454 
   53   53    1    1    1    1    1    1    1    1  5.33106E+14 0.62486 
   54   54    1    1    1    1    1    1    1    1  7.30894E+13 0.70414 
   55   55    1    1    1    1    1    1    1    1  2.98376E+14 0.76452 
   56   56    1    1    1    1    1    1    1    1  2.11960E+14 1.00000 
   57   57    1    1    1    1    1    1    1    1  2.13994E+14 1.00000 
   58   58    1    1    1    1    1    1    1    1  6.99293E+14 0.56126 
   59   59    1    1    1    1    1    1    1    1  8.49020E+14 0.43645 
   60   60    1    1    1    1    1    1    1    1  8.00417E+13 0.70426 
   61   61    1    1    1    1    1    1    1    1  9.18208E+14 0.61117 
   62   62    1    1    1    1    1    1    1    1  3.18264E+14 0.77129 
   63   63    1    1    1    1    1    1    1    1  4.03525E+13 1.00000 
   64   64    1    1    1    1    1    1    1    1  4.12185E+14 0.63486 
   65   65    1    1    1    1    1    1    1    1  6.67070E+13 0.49383 
   66   66    1    1    1    1    1    1    1    1  2.95036E+14 0.48586 
   67   67    1    1    1    1    1    1    1    1  6.92566E+14 0.45530 
   68   68    1    1    1    1    1    1    1    1  7.05965E+14 0.47705 
   69   69    1    1    1    1    1    1    1    1  3.20851E+14 0.44401 
   70   70    1    1    1    1    1    1    1    1  4.47172E+14 0.37668 
   71   71    1    1    1    1    1    1    1    1  2.83967E+14 0.48428 
   72   72    1    1    1    1    1    1    1    1  3.34831E+14 0.47027 
   73   73    1    1    1    1    1    1    1    1  4.58483E+14 0.47450 
   74   74    1    1    1    1    1    1    1    1  3.40930E+14 0.32364 
   75   75    1    1    1    1    1    1    1    1  3.17369E+14 0.39196 
   76   76    1    1    1    1    1    1    1    1  3.43941E+14 0.41587 
   77   77    1    1    1    1    1    1    1    1  6.58058E+14 0.27373 
   78   78    1    1    1    1    1    1    1    1  3.87772E+14 0.38648 
   79   79    1    1    1    1    1    1    1    1  4.97745E+14 0.39503 
   80   80    1    1    1    1    1    1    1    1  4.57220E+14 0.29273 
   81   81    1    1    1    1    1    1    1    1  6.36375E+14 0.27505 
   82   82    1    1    1    1    1    1    1    1  1.16444E+15 0.27539 
   83   83    1    1    1    1    1    1    1    1  5.21378E+14 0.31243 
   84   84    1    1    1    1    1    1    1    1  8.47026E+14 0.25080 
   85   85    1    1    1    1    1    1    1    1  1.17918E+15 0.23578 
   86   86    1    1    1    1    1    1    1    1  1.08220E+15 0.21486 
   87   87    1    1    1    1    1    1    1    1  8.84963E+14 0.35348 
   88   88    1    1    1    1    1    1    1    1  1.50915E+15 0.23483 
   89   89    1    1    1    1    1    1    1    1  1.52610E+15 0.26223 
   90   90    1    1    1    1    1    1    1    1  8.46206E+14 0.47491 
   91   91    1    1    1    1    1    1    1    1  1.18413E+15 0.36117 
   92   92    1    1    1    1    1    1    1    1  1.43981E+15 0.27771 
   93   93    1    1    1    1    1    1    1    1  9.94902E+14 0.22065 
   94   94    1    1    1    1    1    1    1    1  1.18078E+15 0.21155 
   95   95    1    1    1    1    1    1    1    1  1.89964E+15 0.16658 
   96   96    1    1    1    1    1    1    1    1  1.96965E+15 0.12645 
   97   97    1    1    1    1    1    1    1    1  2.91887E+15 0.15105 
   98   98    1    1    1    1    1    1    1    1  2.74949E+15 0.12306 
   99   99    1    1    1    1    1    1    1    1  3.55478E+15 0.09911 
  100  100    1    1    1    1    1    1    1    1  3.51149E+15 0.14580 
  101  101    1    1    1    1    1    1    1    1  4.55209E+15 0.12515 
  102  102    1    1    1    1    1    1    1    1  4.07738E+15 0.14049 
  103  103    1    1    1    1    1    1    1    1  3.87487E+15 0.12773 
  104  104    1    1    1    1    1    1    1    1  5.04089E+15 0.15435 
  105  105    1    1    1    1    1    1    1    1  5.48553E+15 0.08863 
  106  106    1    1    1    1    1    1    1    1  6.26996E+15 0.07690 
  107  107    1    1    1    1    1    1    1    1  6.98646E+15 0.07937 
  108  108    1    1    1    1    1    1    1    1  7.51279E+15 0.06317 
  109  109    1    1    1    1    1    1    1    1  9.91421E+15 0.08848 
