
DETspectrum = [
    1    1    1    1    1    1    1    1    1    1  0.00000E+00 0.00000 
    2    2    1    1    1    1    1    1    1    1  0.00000E+00 0.00000 
    3    3    1    1    1    1    1    1    1    1  0.00000E+00 0.00000 
    4    4    1    1    1    1    1    1    1    1  0.00000E+00 0.00000 
    5    5    1    1    1    1    1    1    1    1  0.00000E+00 0.00000 
    6    6    1    1    1    1    1    1    1    1  0.00000E+00 0.00000 
    7    7    1    1    1    1    1    1    1    1  0.00000E+00 0.00000 
    8    8    1    1    1    1    1    1    1    1  0.00000E+00 0.00000 
    9    9    1    1    1    1    1    1    1    1  0.00000E+00 0.00000 
   10   10    1    1    1    1    1    1    1    1  0.00000E+00 0.00000 
   11   11    1    1    1    1    1    1    1    1  0.00000E+00 0.00000 
   12   12    1    1    1    1    1    1    1    1  0.00000E+00 0.00000 
   13   13    1    1    1    1    1    1    1    1  0.00000E+00 0.00000 
   14   14    1    1    1    1    1    1    1    1  0.00000E+00 0.00000 
   15   15    1    1    1    1    1    1    1    1  0.00000E+00 0.00000 
   16   16    1    1    1    1    1    1    1    1  0.00000E+00 0.00000 
   17   17    1    1    1    1    1    1    1    1  0.00000E+00 0.00000 
   18   18    1    1    1    1    1    1    1    1  0.00000E+00 0.00000 
   19   19    1    1    1    1    1    1    1    1  0.00000E+00 0.00000 
   20   20    1    1    1    1    1    1    1    1  0.00000E+00 0.00000 
   21   21    1    1    1    1    1    1    1    1  0.00000E+00 0.00000 
   22   22    1    1    1    1    1    1    1    1  0.00000E+00 0.00000 
   23   23    1    1    1    1    1    1    1    1  0.00000E+00 0.00000 
   24   24    1    1    1    1    1    1    1    1  0.00000E+00 0.00000 
   25   25    1    1    1    1    1    1    1    1  0.00000E+00 0.00000 
   26   26    1    1    1    1    1    1    1    1  2.59253E+12 1.00000 
   27   27    1    1    1    1    1    1    1    1  2.94733E+12 1.00000 
   28   28    1    1    1    1    1    1    1    1  3.32298E+12 1.00000 
   29   29    1    1    1    1    1    1    1    1  0.00000E+00 0.00000 
   30   30    1    1    1    1    1    1    1    1  0.00000E+00 0.00000 
   31   31    1    1    1    1    1    1    1    1  0.00000E+00 0.00000 
   32   32    1    1    1    1    1    1    1    1  4.82690E+12 1.00000 
   33   33    1    1    1    1    1    1    1    1  0.00000E+00 0.00000 
   34   34    1    1    1    1    1    1    1    1  0.00000E+00 0.00000 
   35   35    1    1    1    1    1    1    1    1  5.08122E+13 1.00000 
   36   36    1    1    1    1    1    1    1    1  4.47310E+13 0.61345 
   37   37    1    1    1    1    1    1    1    1  1.67324E+13 1.00000 
   38   38    1    1    1    1    1    1    1    1  4.20790E+12 1.00000 
   39   39    1    1    1    1    1    1    1    1  0.00000E+00 0.00000 
   40   40    1    1    1    1    1    1    1    1  0.00000E+00 0.00000 
   41   41    1    1    1    1    1    1    1    1  3.19762E+13 0.85751 
   42   42    1    1    1    1    1    1    1    1  1.06980E+13 1.00000 
   43   43    1    1    1    1    1    1    1    1  5.16593E+13 1.00000 
   44   44    1    1    1    1    1    1    1    1  5.14803E+13 0.73296 
   45   45    1    1    1    1    1    1    1    1  1.30045E+13 1.00000 
   46   46    1    1    1    1    1    1    1    1  4.07676E+13 1.00000 
   47   47    1    1    1    1    1    1    1    1  0.00000E+00 0.00000 
   48   48    1    1    1    1    1    1    1    1  1.37017E+14 0.70995 
   49   49    1    1    1    1    1    1    1    1  6.08093E+13 1.00000 
   50   50    1    1    1    1    1    1    1    1  0.00000E+00 0.00000 
   51   51    1    1    1    1    1    1    1    1  3.79165E+13 1.00000 
   52   52    1    1    1    1    1    1    1    1  0.00000E+00 0.00000 
   53   53    1    1    1    1    1    1    1    1  4.51541E+14 0.91974 
   54   54    1    1    1    1    1    1    1    1  3.90636E+13 1.00000 
   55   55    1    1    1    1    1    1    1    1  3.94544E+13 1.00000 
   56   56    1    1    1    1    1    1    1    1  0.00000E+00 0.00000 
   57   57    1    1    1    1    1    1    1    1  0.00000E+00 0.00000 
   58   58    1    1    1    1    1    1    1    1  0.00000E+00 0.00000 
   59   59    1    1    1    1    1    1    1    1  2.14842E+14 1.00000 
   60   60    1    1    1    1    1    1    1    1  0.00000E+00 0.00000 
   61   61    1    1    1    1    1    1    1    1  4.06176E+13 1.00000 
   62   62    1    1    1    1    1    1    1    1  2.18259E+14 1.00000 
   63   63    1    1    1    1    1    1    1    1  4.99463E+14 0.92021 
   64   64    1    1    1    1    1    1    1    1  2.72438E+14 0.85925 
   65   65    1    1    1    1    1    1    1    1  3.43950E+13 0.70420 
   66   66    1    1    1    1    1    1    1    1  1.29809E+14 0.77794 
   67   67    1    1    1    1    1    1    1    1  1.77109E+13 1.00000 
   68   68    1    1    1    1    1    1    1    1  1.13646E+14 0.85442 
   69   69    1    1    1    1    1    1    1    1  0.00000E+00 0.00000 
   70   70    1    1    1    1    1    1    1    1  3.89486E+13 0.60738 
   71   71    1    1    1    1    1    1    1    1  2.04265E+13 0.70420 
   72   72    1    1    1    1    1    1    1    1  2.07607E+13 0.70415 
   73   73    1    1    1    1    1    1    1    1  3.15251E+13 1.00000 
   74   74    1    1    1    1    1    1    1    1  1.46312E+14 0.51758 
   75   75    1    1    1    1    1    1    1    1  1.08990E+14 0.58346 
   76   76    1    1    1    1    1    1    1    1  8.24159E+13 0.48699 
   77   77    1    1    1    1    1    1    1    1  1.47795E+13 0.70414 
   78   78    1    1    1    1    1    1    1    1  1.20746E+14 0.52160 
   79   79    1    1    1    1    1    1    1    1  1.41401E+14 0.60422 
   80   80    1    1    1    1    1    1    1    1  4.02180E+14 0.39229 
   81   81    1    1    1    1    1    1    1    1  1.19544E+14 0.45266 
   82   82    1    1    1    1    1    1    1    1  2.43274E+14 0.45923 
   83   83    1    1    1    1    1    1    1    1  4.33855E+13 0.61198 
   84   84    1    1    1    1    1    1    1    1  4.19678E+14 0.45131 
   85   85    1    1    1    1    1    1    1    1  7.22589E+14 0.33101 
   86   86    1    1    1    1    1    1    1    1  6.93815E+14 0.36939 
   87   87    1    1    1    1    1    1    1    1  8.64076E+14 0.38225 
   88   88    1    1    1    1    1    1    1    1  6.78627E+14 0.32332 
   89   89    1    1    1    1    1    1    1    1  5.49142E+14 0.38014 
   90   90    1    1    1    1    1    1    1    1  6.42793E+14 0.54292 
   91   91    1    1    1    1    1    1    1    1  8.51545E+14 0.52190 
   92   92    1    1    1    1    1    1    1    1  5.82785E+14 0.33727 
   93   93    1    1    1    1    1    1    1    1  4.23340E+14 0.26073 
   94   94    1    1    1    1    1    1    1    1  8.06679E+14 0.24839 
   95   95    1    1    1    1    1    1    1    1  8.22641E+14 0.29651 
   96   96    1    1    1    1    1    1    1    1  1.10186E+15 0.15885 
   97   97    1    1    1    1    1    1    1    1  1.52178E+15 0.17526 
   98   98    1    1    1    1    1    1    1    1  1.46277E+15 0.14357 
   99   99    1    1    1    1    1    1    1    1  2.34220E+15 0.12384 
  100  100    1    1    1    1    1    1    1    1  2.74487E+15 0.14065 
  101  101    1    1    1    1    1    1    1    1  2.78249E+15 0.13656 
  102  102    1    1    1    1    1    1    1    1  2.69544E+15 0.15239 
  103  103    1    1    1    1    1    1    1    1  1.85822E+15 0.14706 
  104  104    1    1    1    1    1    1    1    1  3.17705E+15 0.17757 
  105  105    1    1    1    1    1    1    1    1  3.95713E+15 0.09135 
  106  106    1    1    1    1    1    1    1    1  4.65507E+15 0.08774 
  107  107    1    1    1    1    1    1    1    1  5.35686E+15 0.08552 
  108  108    1    1    1    1    1    1    1    1  4.57928E+15 0.06768 
  109  109    1    1    1    1    1    1    1    1  8.46914E+15 0.09172 
