
DETspectrum = [
    1    1    1    1    1    1    1    1    1    1  0.00000E+00 0.00000 
    2    2    1    1    1    1    1    1    1    1  0.00000E+00 0.00000 
    3    3    1    1    1    1    1    1    1    1  0.00000E+00 0.00000 
    4    4    1    1    1    1    1    1    1    1  0.00000E+00 0.00000 
    5    5    1    1    1    1    1    1    1    1  0.00000E+00 0.00000 
    6    6    1    1    1    1    1    1    1    1  0.00000E+00 0.00000 
    7    7    1    1    1    1    1    1    1    1  0.00000E+00 0.00000 
    8    8    1    1    1    1    1    1    1    1  0.00000E+00 0.00000 
    9    9    1    1    1    1    1    1    1    1  0.00000E+00 0.00000 
   10   10    1    1    1    1    1    1    1    1  0.00000E+00 0.00000 
   11   11    1    1    1    1    1    1    1    1  0.00000E+00 0.00000 
   12   12    1    1    1    1    1    1    1    1  0.00000E+00 0.00000 
   13   13    1    1    1    1    1    1    1    1  0.00000E+00 0.00000 
   14   14    1    1    1    1    1    1    1    1  2.04988E-07 1.00000 
   15   15    1    1    1    1    1    1    1    1  1.17945E-06 1.00000 
   16   16    1    1    1    1    1    1    1    1  2.20710E-06 0.57350 
   17   17    1    1    1    1    1    1    1    1  1.17465E-05 0.48579 
   18   18    1    1    1    1    1    1    1    1  9.67576E-06 0.38874 
   19   19    1    1    1    1    1    1    1    1  2.60130E-05 0.35989 
   20   20    1    1    1    1    1    1    1    1  2.86770E-05 0.32848 
   21   21    1    1    1    1    1    1    1    1  4.61180E-05 0.33297 
   22   22    1    1    1    1    1    1    1    1  5.71874E-05 0.27792 
   23   23    1    1    1    1    1    1    1    1  1.32211E-04 0.22263 
   24   24    1    1    1    1    1    1    1    1  1.89500E-04 0.16283 
   25   25    1    1    1    1    1    1    1    1  3.70651E-04 0.18514 
   26   26    1    1    1    1    1    1    1    1  5.62576E-04 0.20188 
   27   27    1    1    1    1    1    1    1    1  8.82563E-04 0.20110 
   28   28    1    1    1    1    1    1    1    1  1.02164E-03 0.17978 
   29   29    1    1    1    1    1    1    1    1  1.02852E-03 0.12584 
   30   30    1    1    1    1    1    1    1    1  1.28743E-03 0.12856 
   31   31    1    1    1    1    1    1    1    1  1.82483E-03 0.13985 
   32   32    1    1    1    1    1    1    1    1  1.92532E-03 0.11822 
   33   33    1    1    1    1    1    1    1    1  2.19264E-03 0.10579 
   34   34    1    1    1    1    1    1    1    1  2.76291E-03 0.12022 
   35   35    1    1    1    1    1    1    1    1  3.43583E-03 0.09665 
   36   36    1    1    1    1    1    1    1    1  4.13657E-03 0.09068 
   37   37    1    1    1    1    1    1    1    1  4.60678E-03 0.06987 
   38   38    1    1    1    1    1    1    1    1  5.56885E-03 0.07219 
   39   39    1    1    1    1    1    1    1    1  5.92839E-03 0.09219 
   40   40    1    1    1    1    1    1    1    1  6.03969E-03 0.07486 
   41   41    1    1    1    1    1    1    1    1  7.03278E-03 0.07042 
   42   42    1    1    1    1    1    1    1    1  8.72642E-03 0.06396 
   43   43    1    1    1    1    1    1    1    1  9.54020E-03 0.06906 
   44   44    1    1    1    1    1    1    1    1  1.04518E-02 0.05766 
   45   45    1    1    1    1    1    1    1    1  1.15758E-02 0.07020 
   46   46    1    1    1    1    1    1    1    1  1.27520E-02 0.08329 
   47   47    1    1    1    1    1    1    1    1  1.17599E-02 0.06702 
   48   48    1    1    1    1    1    1    1    1  1.27844E-02 0.07335 
   49   49    1    1    1    1    1    1    1    1  1.49096E-02 0.07381 
   50   50    1    1    1    1    1    1    1    1  1.44015E-02 0.09204 
   51   51    1    1    1    1    1    1    1    1  1.40809E-02 0.09752 
   52   52    1    1    1    1    1    1    1    1  1.31134E-02 0.08381 
   53   53    1    1    1    1    1    1    1    1  1.31919E-02 0.10129 
   54   54    1    1    1    1    1    1    1    1  1.53272E-02 0.09291 
   55   55    1    1    1    1    1    1    1    1  1.37611E-02 0.07964 
   56   56    1    1    1    1    1    1    1    1  1.35670E-02 0.08792 
   57   57    1    1    1    1    1    1    1    1  1.49893E-02 0.10209 
   58   58    1    1    1    1    1    1    1    1  1.46790E-02 0.09034 
   59   59    1    1    1    1    1    1    1    1  1.32490E-02 0.08344 
   60   60    1    1    1    1    1    1    1    1  1.43817E-02 0.08272 
   61   61    1    1    1    1    1    1    1    1  1.55338E-02 0.08951 
   62   62    1    1    1    1    1    1    1    1  1.69749E-02 0.11015 
   63   63    1    1    1    1    1    1    1    1  1.62918E-02 0.09144 
   64   64    1    1    1    1    1    1    1    1  1.53086E-02 0.09296 
   65   65    1    1    1    1    1    1    1    1  1.49305E-02 0.05975 
   66   66    1    1    1    1    1    1    1    1  1.82244E-02 0.07707 
   67   67    1    1    1    1    1    1    1    1  1.62958E-02 0.06933 
   68   68    1    1    1    1    1    1    1    1  1.74545E-02 0.06308 
   69   69    1    1    1    1    1    1    1    1  1.84949E-02 0.06176 
   70   70    1    1    1    1    1    1    1    1  2.07254E-02 0.06201 
   71   71    1    1    1    1    1    1    1    1  2.08360E-02 0.05328 
   72   72    1    1    1    1    1    1    1    1  2.27165E-02 0.06098 
   73   73    1    1    1    1    1    1    1    1  2.29667E-02 0.05879 
   74   74    1    1    1    1    1    1    1    1  2.18212E-02 0.03828 
   75   75    1    1    1    1    1    1    1    1  2.59493E-02 0.05641 
   76   76    1    1    1    1    1    1    1    1  2.57064E-02 0.05051 
   77   77    1    1    1    1    1    1    1    1  2.58429E-02 0.04469 
   78   78    1    1    1    1    1    1    1    1  2.76975E-02 0.05080 
   79   79    1    1    1    1    1    1    1    1  2.95441E-02 0.05205 
   80   80    1    1    1    1    1    1    1    1  3.00720E-02 0.04331 
   81   81    1    1    1    1    1    1    1    1  3.19614E-02 0.04755 
   82   82    1    1    1    1    1    1    1    1  3.32576E-02 0.04837 
   83   83    1    1    1    1    1    1    1    1  3.21168E-02 0.04608 
   84   84    1    1    1    1    1    1    1    1  3.31839E-02 0.04650 
   85   85    1    1    1    1    1    1    1    1  3.51475E-02 0.04057 
   86   86    1    1    1    1    1    1    1    1  3.73323E-02 0.04394 
   87   87    1    1    1    1    1    1    1    1  3.49050E-02 0.03514 
   88   88    1    1    1    1    1    1    1    1  3.73042E-02 0.04598 
   89   89    1    1    1    1    1    1    1    1  3.77671E-02 0.04322 
   90   90    1    1    1    1    1    1    1    1  3.96115E-02 0.06298 
   91   91    1    1    1    1    1    1    1    1  4.26619E-02 0.05938 
   92   92    1    1    1    1    1    1    1    1  4.19695E-02 0.04180 
   93   93    1    1    1    1    1    1    1    1  4.27464E-02 0.03354 
   94   94    1    1    1    1    1    1    1    1  4.38298E-02 0.02982 
   95   95    1    1    1    1    1    1    1    1  4.48396E-02 0.02420 
   96   96    1    1    1    1    1    1    1    1  4.77415E-02 0.01970 
   97   97    1    1    1    1    1    1    1    1  4.95744E-02 0.02559 
   98   98    1    1    1    1    1    1    1    1  5.03614E-02 0.02038 
   99   99    1    1    1    1    1    1    1    1  5.19430E-02 0.01688 
  100  100    1    1    1    1    1    1    1    1  5.33297E-02 0.01719 
  101  101    1    1    1    1    1    1    1    1  5.08403E-02 0.01623 
  102  102    1    1    1    1    1    1    1    1  5.12816E-02 0.01602 
  103  103    1    1    1    1    1    1    1    1  5.41166E-02 0.01748 
  104  104    1    1    1    1    1    1    1    1  5.69536E-02 0.02097 
  105  105    1    1    1    1    1    1    1    1  6.63238E-02 0.01597 
  106  106    1    1    1    1    1    1    1    1  7.56619E-02 0.01927 
  107  107    1    1    1    1    1    1    1    1  8.08637E-02 0.02266 
  108  108    1    1    1    1    1    1    1    1  8.12921E-02 0.01661 
  109  109    1    1    1    1    1    1    1    1  8.43866E-02 0.02353 
