
DETspectrum = [
    1    1    1    1    1    1    1    1    1    1  0.00000E+00 0.00000 
    2    2    1    1    1    1    1    1    1    1  0.00000E+00 0.00000 
    3    3    1    1    1    1    1    1    1    1  0.00000E+00 0.00000 
    4    4    1    1    1    1    1    1    1    1  0.00000E+00 0.00000 
    5    5    1    1    1    1    1    1    1    1  0.00000E+00 0.00000 
    6    6    1    1    1    1    1    1    1    1  0.00000E+00 0.00000 
    7    7    1    1    1    1    1    1    1    1  0.00000E+00 0.00000 
    8    8    1    1    1    1    1    1    1    1  0.00000E+00 0.00000 
    9    9    1    1    1    1    1    1    1    1  0.00000E+00 0.00000 
   10   10    1    1    1    1    1    1    1    1  0.00000E+00 0.00000 
   11   11    1    1    1    1    1    1    1    1  0.00000E+00 0.00000 
   12   12    1    1    1    1    1    1    1    1  0.00000E+00 0.00000 
   13   13    1    1    1    1    1    1    1    1  0.00000E+00 0.00000 
   14   14    1    1    1    1    1    1    1    1  0.00000E+00 0.00000 
   15   15    1    1    1    1    1    1    1    1  2.37257E-06 0.70473 
   16   16    1    1    1    1    1    1    1    1  2.86764E-06 0.78794 
   17   17    1    1    1    1    1    1    1    1  1.14239E-05 0.58515 
   18   18    1    1    1    1    1    1    1    1  1.42464E-05 0.43365 
   19   19    1    1    1    1    1    1    1    1  2.86178E-05 0.42839 
   20   20    1    1    1    1    1    1    1    1  3.01144E-05 0.41487 
   21   21    1    1    1    1    1    1    1    1  3.25688E-05 0.42864 
   22   22    1    1    1    1    1    1    1    1  6.08060E-05 0.53011 
   23   23    1    1    1    1    1    1    1    1  6.84264E-05 0.23873 
   24   24    1    1    1    1    1    1    1    1  1.78151E-04 0.24852 
   25   25    1    1    1    1    1    1    1    1  2.29640E-04 0.22950 
   26   26    1    1    1    1    1    1    1    1  3.45858E-04 0.14790 
   27   27    1    1    1    1    1    1    1    1  5.43711E-04 0.21751 
   28   28    1    1    1    1    1    1    1    1  6.12742E-04 0.15141 
   29   29    1    1    1    1    1    1    1    1  7.20600E-04 0.11947 
   30   30    1    1    1    1    1    1    1    1  1.21461E-03 0.14216 
   31   31    1    1    1    1    1    1    1    1  1.48768E-03 0.18452 
   32   32    1    1    1    1    1    1    1    1  1.49441E-03 0.09803 
   33   33    1    1    1    1    1    1    1    1  2.15787E-03 0.10593 
   34   34    1    1    1    1    1    1    1    1  2.21081E-03 0.09534 
   35   35    1    1    1    1    1    1    1    1  3.00702E-03 0.09458 
   36   36    1    1    1    1    1    1    1    1  3.75801E-03 0.10286 
   37   37    1    1    1    1    1    1    1    1  4.20029E-03 0.08317 
   38   38    1    1    1    1    1    1    1    1  4.43894E-03 0.06790 
   39   39    1    1    1    1    1    1    1    1  5.45110E-03 0.09811 
   40   40    1    1    1    1    1    1    1    1  5.70235E-03 0.09776 
   41   41    1    1    1    1    1    1    1    1  6.43947E-03 0.06886 
   42   42    1    1    1    1    1    1    1    1  8.03021E-03 0.07961 
   43   43    1    1    1    1    1    1    1    1  8.87898E-03 0.08147 
   44   44    1    1    1    1    1    1    1    1  9.76119E-03 0.07071 
   45   45    1    1    1    1    1    1    1    1  1.02613E-02 0.06224 
   46   46    1    1    1    1    1    1    1    1  1.08227E-02 0.07338 
   47   47    1    1    1    1    1    1    1    1  1.35826E-02 0.08526 
   48   48    1    1    1    1    1    1    1    1  1.22456E-02 0.07063 
   49   49    1    1    1    1    1    1    1    1  1.20859E-02 0.07481 
   50   50    1    1    1    1    1    1    1    1  1.48025E-02 0.09663 
   51   51    1    1    1    1    1    1    1    1  1.43818E-02 0.09324 
   52   52    1    1    1    1    1    1    1    1  1.58266E-02 0.12160 
   53   53    1    1    1    1    1    1    1    1  1.31173E-02 0.09673 
   54   54    1    1    1    1    1    1    1    1  1.44557E-02 0.12048 
   55   55    1    1    1    1    1    1    1    1  1.37238E-02 0.08830 
   56   56    1    1    1    1    1    1    1    1  1.52123E-02 0.09677 
   57   57    1    1    1    1    1    1    1    1  1.47888E-02 0.12722 
   58   58    1    1    1    1    1    1    1    1  1.70557E-02 0.09910 
   59   59    1    1    1    1    1    1    1    1  1.43598E-02 0.08165 
   60   60    1    1    1    1    1    1    1    1  1.64841E-02 0.11360 
   61   61    1    1    1    1    1    1    1    1  1.52708E-02 0.08130 
   62   62    1    1    1    1    1    1    1    1  1.92652E-02 0.09626 
   63   63    1    1    1    1    1    1    1    1  1.73284E-02 0.12848 
   64   64    1    1    1    1    1    1    1    1  1.80389E-02 0.10402 
   65   65    1    1    1    1    1    1    1    1  1.71094E-02 0.07225 
   66   66    1    1    1    1    1    1    1    1  1.77075E-02 0.08020 
   67   67    1    1    1    1    1    1    1    1  1.78075E-02 0.07170 
   68   68    1    1    1    1    1    1    1    1  1.92498E-02 0.07090 
   69   69    1    1    1    1    1    1    1    1  1.91509E-02 0.05341 
   70   70    1    1    1    1    1    1    1    1  1.97028E-02 0.07322 
   71   71    1    1    1    1    1    1    1    1  1.98989E-02 0.05859 
   72   72    1    1    1    1    1    1    1    1  2.24457E-02 0.06237 
   73   73    1    1    1    1    1    1    1    1  2.30307E-02 0.06652 
   74   74    1    1    1    1    1    1    1    1  2.44537E-02 0.05697 
   75   75    1    1    1    1    1    1    1    1  2.51153E-02 0.04765 
   76   76    1    1    1    1    1    1    1    1  2.56582E-02 0.04273 
   77   77    1    1    1    1    1    1    1    1  2.67608E-02 0.04060 
   78   78    1    1    1    1    1    1    1    1  2.99079E-02 0.05048 
   79   79    1    1    1    1    1    1    1    1  3.01110E-02 0.04505 
   80   80    1    1    1    1    1    1    1    1  3.28915E-02 0.04416 
   81   81    1    1    1    1    1    1    1    1  3.29918E-02 0.04350 
   82   82    1    1    1    1    1    1    1    1  3.18774E-02 0.04580 
   83   83    1    1    1    1    1    1    1    1  3.45012E-02 0.04411 
   84   84    1    1    1    1    1    1    1    1  3.46280E-02 0.04437 
   85   85    1    1    1    1    1    1    1    1  3.90060E-02 0.05076 
   86   86    1    1    1    1    1    1    1    1  3.71312E-02 0.04112 
   87   87    1    1    1    1    1    1    1    1  3.72507E-02 0.03840 
   88   88    1    1    1    1    1    1    1    1  3.70610E-02 0.04052 
   89   89    1    1    1    1    1    1    1    1  3.98788E-02 0.04572 
   90   90    1    1    1    1    1    1    1    1  4.07166E-02 0.06225 
   91   91    1    1    1    1    1    1    1    1  4.09714E-02 0.04253 
   92   92    1    1    1    1    1    1    1    1  4.08113E-02 0.03945 
   93   93    1    1    1    1    1    1    1    1  4.38184E-02 0.02864 
   94   94    1    1    1    1    1    1    1    1  4.34369E-02 0.03087 
   95   95    1    1    1    1    1    1    1    1  4.72915E-02 0.02474 
   96   96    1    1    1    1    1    1    1    1  4.78349E-02 0.02313 
   97   97    1    1    1    1    1    1    1    1  5.10183E-02 0.02464 
   98   98    1    1    1    1    1    1    1    1  5.03728E-02 0.01992 
   99   99    1    1    1    1    1    1    1    1  5.19613E-02 0.01967 
  100  100    1    1    1    1    1    1    1    1  5.28861E-02 0.02116 
  101  101    1    1    1    1    1    1    1    1  5.29750E-02 0.01787 
  102  102    1    1    1    1    1    1    1    1  5.29186E-02 0.01602 
  103  103    1    1    1    1    1    1    1    1  5.37975E-02 0.02005 
  104  104    1    1    1    1    1    1    1    1  5.53612E-02 0.02213 
  105  105    1    1    1    1    1    1    1    1  5.95110E-02 0.02182 
  106  106    1    1    1    1    1    1    1    1  6.74502E-02 0.01790 
  107  107    1    1    1    1    1    1    1    1  7.58749E-02 0.02022 
  108  108    1    1    1    1    1    1    1    1  8.33327E-02 0.02191 
  109  109    1    1    1    1    1    1    1    1  8.37455E-02 0.01791 
