
DETspectrum = [
    1    1    1    1    1    1    1    1    1    1  0.00000E+00 0.00000 
    2    2    1    1    1    1    1    1    1    1  0.00000E+00 0.00000 
    3    3    1    1    1    1    1    1    1    1  0.00000E+00 0.00000 
    4    4    1    1    1    1    1    1    1    1  0.00000E+00 0.00000 
    5    5    1    1    1    1    1    1    1    1  0.00000E+00 0.00000 
    6    6    1    1    1    1    1    1    1    1  0.00000E+00 0.00000 
    7    7    1    1    1    1    1    1    1    1  0.00000E+00 0.00000 
    8    8    1    1    1    1    1    1    1    1  0.00000E+00 0.00000 
    9    9    1    1    1    1    1    1    1    1  0.00000E+00 0.00000 
   10   10    1    1    1    1    1    1    1    1  0.00000E+00 0.00000 
   11   11    1    1    1    1    1    1    1    1  0.00000E+00 0.00000 
   12   12    1    1    1    1    1    1    1    1  0.00000E+00 0.00000 
   13   13    1    1    1    1    1    1    1    1  0.00000E+00 0.00000 
   14   14    1    1    1    1    1    1    1    1  0.00000E+00 0.00000 
   15   15    1    1    1    1    1    1    1    1  0.00000E+00 0.00000 
   16   16    1    1    1    1    1    1    1    1  0.00000E+00 0.00000 
   17   17    1    1    1    1    1    1    1    1  0.00000E+00 0.00000 
   18   18    1    1    1    1    1    1    1    1  0.00000E+00 0.00000 
   19   19    1    1    1    1    1    1    1    1  0.00000E+00 0.00000 
   20   20    1    1    1    1    1    1    1    1  0.00000E+00 0.00000 
   21   21    1    1    1    1    1    1    1    1  0.00000E+00 0.00000 
   22   22    1    1    1    1    1    1    1    1  3.37410E+14 1.00000 
   23   23    1    1    1    1    1    1    1    1  1.60132E+15 0.79214 
   24   24    1    1    1    1    1    1    1    1  8.03391E+14 0.78975 
   25   25    1    1    1    1    1    1    1    1  1.58488E+15 1.00000 
   26   26    1    1    1    1    1    1    1    1  2.15189E+15 0.76266 
   27   27    1    1    1    1    1    1    1    1  7.83797E+15 0.60371 
   28   28    1    1    1    1    1    1    1    1  3.48885E+15 0.71796 
   29   29    1    1    1    1    1    1    1    1  2.45370E+15 0.71081 
   30   30    1    1    1    1    1    1    1    1  6.45891E+15 0.81680 
   31   31    1    1    1    1    1    1    1    1  5.51647E+15 0.55338 
   32   32    1    1    1    1    1    1    1    1  9.16811E+15 0.74638 
   33   33    1    1    1    1    1    1    1    1  4.76342E+15 0.70620 
   34   34    1    1    1    1    1    1    1    1  1.30794E+16 0.45244 
   35   35    1    1    1    1    1    1    1    1  1.60190E+16 0.36616 
   36   36    1    1    1    1    1    1    1    1  1.36730E+16 0.42237 
   37   37    1    1    1    1    1    1    1    1  1.93384E+16 0.52346 
   38   38    1    1    1    1    1    1    1    1  4.18485E+16 0.33503 
   39   39    1    1    1    1    1    1    1    1  2.57841E+16 0.51749 
   40   40    1    1    1    1    1    1    1    1  5.08637E+16 0.38521 
   41   41    1    1    1    1    1    1    1    1  4.50028E+16 0.50926 
   42   42    1    1    1    1    1    1    1    1  2.77446E+16 0.38818 
   43   43    1    1    1    1    1    1    1    1  3.96582E+16 0.32472 
   44   44    1    1    1    1    1    1    1    1  3.22495E+16 0.35774 
   45   45    1    1    1    1    1    1    1    1  5.09472E+16 0.35766 
   46   46    1    1    1    1    1    1    1    1  3.76164E+16 0.49139 
   47   47    1    1    1    1    1    1    1    1  3.54287E+16 0.39164 
   48   48    1    1    1    1    1    1    1    1  1.19141E+16 0.75767 
   49   49    1    1    1    1    1    1    1    1  3.95842E+16 0.52164 
   50   50    1    1    1    1    1    1    1    1  8.25646E+15 0.70609 
   51   51    1    1    1    1    1    1    1    1  1.07517E+17 0.43146 
   52   52    1    1    1    1    1    1    1    1  7.13585E+16 0.51877 
   53   53    1    1    1    1    1    1    1    1  3.18889E+16 0.75703 
   54   54    1    1    1    1    1    1    1    1  4.08467E+16 0.71477 
   55   55    1    1    1    1    1    1    1    1  6.26992E+16 0.54092 
   56   56    1    1    1    1    1    1    1    1  2.79778E+16 0.85769 
   57   57    1    1    1    1    1    1    1    1  3.50374E+16 0.55391 
   58   58    1    1    1    1    1    1    1    1  5.13764E+16 0.60383 
   59   59    1    1    1    1    1    1    1    1  3.55223E+16 0.55337 
   60   60    1    1    1    1    1    1    1    1  4.59236E+15 1.00000 
   61   61    1    1    1    1    1    1    1    1  6.45495E+16 0.54925 
   62   62    1    1    1    1    1    1    1    1  8.38385E+16 0.51718 
   63   63    1    1    1    1    1    1    1    1  7.74109E+16 0.52619 
   64   64    1    1    1    1    1    1    1    1  5.78440E+16 0.53556 
   65   65    1    1    1    1    1    1    1    1  7.75488E+16 0.39014 
   66   66    1    1    1    1    1    1    1    1  6.61043E+16 0.40017 
   67   67    1    1    1    1    1    1    1    1  6.06360E+16 0.46621 
   68   68    1    1    1    1    1    1    1    1  3.73005E+16 0.66830 
   69   69    1    1    1    1    1    1    1    1  3.10411E+16 0.31488 
   70   70    1    1    1    1    1    1    1    1  6.36373E+16 0.33904 
   71   71    1    1    1    1    1    1    1    1  7.91984E+16 0.29759 
   72   72    1    1    1    1    1    1    1    1  7.88251E+16 0.30027 
   73   73    1    1    1    1    1    1    1    1  7.14130E+16 0.29949 
   74   74    1    1    1    1    1    1    1    1  8.93102E+16 0.24302 
   75   75    1    1    1    1    1    1    1    1  7.03237E+16 0.22836 
   76   76    1    1    1    1    1    1    1    1  8.79657E+16 0.21628 
   77   77    1    1    1    1    1    1    1    1  1.22114E+17 0.20499 
   78   78    1    1    1    1    1    1    1    1  8.89756E+16 0.24494 
   79   79    1    1    1    1    1    1    1    1  1.36577E+17 0.22156 
   80   80    1    1    1    1    1    1    1    1  1.50036E+17 0.22095 
   81   81    1    1    1    1    1    1    1    1  1.84416E+17 0.17355 
   82   82    1    1    1    1    1    1    1    1  1.98568E+17 0.15253 
   83   83    1    1    1    1    1    1    1    1  1.85363E+17 0.17005 
   84   84    1    1    1    1    1    1    1    1  2.16127E+17 0.17841 
   85   85    1    1    1    1    1    1    1    1  3.54278E+17 0.16698 
   86   86    1    1    1    1    1    1    1    1  3.98738E+17 0.13657 
   87   87    1    1    1    1    1    1    1    1  3.80818E+17 0.17247 
   88   88    1    1    1    1    1    1    1    1  3.64748E+17 0.17133 
   89   89    1    1    1    1    1    1    1    1  3.20301E+17 0.15510 
   90   90    1    1    1    1    1    1    1    1  3.68910E+17 0.26269 
   91   91    1    1    1    1    1    1    1    1  4.06584E+17 0.21414 
   92   92    1    1    1    1    1    1    1    1  3.38137E+17 0.16346 
   93   93    1    1    1    1    1    1    1    1  4.27957E+17 0.10244 
   94   94    1    1    1    1    1    1    1    1  3.67366E+17 0.11001 
   95   95    1    1    1    1    1    1    1    1  4.70991E+17 0.10781 
   96   96    1    1    1    1    1    1    1    1  7.33380E+17 0.06900 
   97   97    1    1    1    1    1    1    1    1  9.04597E+17 0.08075 
   98   98    1    1    1    1    1    1    1    1  9.44716E+17 0.06223 
   99   99    1    1    1    1    1    1    1    1  1.17624E+18 0.05815 
  100  100    1    1    1    1    1    1    1    1  1.50270E+18 0.06956 
  101  101    1    1    1    1    1    1    1    1  1.64663E+18 0.06725 
  102  102    1    1    1    1    1    1    1    1  1.24239E+18 0.07439 
  103  103    1    1    1    1    1    1    1    1  1.41974E+18 0.06532 
  104  104    1    1    1    1    1    1    1    1  1.90428E+18 0.08015 
  105  105    1    1    1    1    1    1    1    1  2.28144E+18 0.04309 
  106  106    1    1    1    1    1    1    1    1  2.81387E+18 0.03946 
  107  107    1    1    1    1    1    1    1    1  3.19625E+18 0.03760 
  108  108    1    1    1    1    1    1    1    1  3.42224E+18 0.03100 
  109  109    1    1    1    1    1    1    1    1  4.41847E+18 0.04880 
