
DETspectrum = [
    1    1    1    1    1    1    1    1    1    1  0.00000E+00 0.00000 
    2    2    1    1    1    1    1    1    1    1  0.00000E+00 0.00000 
    3    3    1    1    1    1    1    1    1    1  0.00000E+00 0.00000 
    4    4    1    1    1    1    1    1    1    1  0.00000E+00 0.00000 
    5    5    1    1    1    1    1    1    1    1  0.00000E+00 0.00000 
    6    6    1    1    1    1    1    1    1    1  0.00000E+00 0.00000 
    7    7    1    1    1    1    1    1    1    1  0.00000E+00 0.00000 
    8    8    1    1    1    1    1    1    1    1  0.00000E+00 0.00000 
    9    9    1    1    1    1    1    1    1    1  0.00000E+00 0.00000 
   10   10    1    1    1    1    1    1    1    1  0.00000E+00 0.00000 
   11   11    1    1    1    1    1    1    1    1  0.00000E+00 0.00000 
   12   12    1    1    1    1    1    1    1    1  0.00000E+00 0.00000 
   13   13    1    1    1    1    1    1    1    1  0.00000E+00 0.00000 
   14   14    1    1    1    1    1    1    1    1  0.00000E+00 0.00000 
   15   15    1    1    1    1    1    1    1    1  0.00000E+00 0.00000 
   16   16    1    1    1    1    1    1    1    1  0.00000E+00 0.00000 
   17   17    1    1    1    1    1    1    1    1  0.00000E+00 0.00000 
   18   18    1    1    1    1    1    1    1    1  0.00000E+00 0.00000 
   19   19    1    1    1    1    1    1    1    1  0.00000E+00 0.00000 
   20   20    1    1    1    1    1    1    1    1  1.48353E+15 1.00000 
   21   21    1    1    1    1    1    1    1    1  0.00000E+00 0.00000 
   22   22    1    1    1    1    1    1    1    1  8.38839E+14 1.00000 
   23   23    1    1    1    1    1    1    1    1  4.36510E+14 1.00000 
   24   24    1    1    1    1    1    1    1    1  2.95882E+15 0.72409 
   25   25    1    1    1    1    1    1    1    1  4.91848E+15 0.85053 
   26   26    1    1    1    1    1    1    1    1  6.00313E+15 1.00000 
   27   27    1    1    1    1    1    1    1    1  7.53363E+15 1.00000 
   28   28    1    1    1    1    1    1    1    1  8.08642E+15 0.74412 
   29   29    1    1    1    1    1    1    1    1  1.02580E+16 0.67419 
   30   30    1    1    1    1    1    1    1    1  1.99217E+16 0.71270 
   31   31    1    1    1    1    1    1    1    1  1.07677E+16 0.60077 
   32   32    1    1    1    1    1    1    1    1  1.99736E+16 0.42387 
   33   33    1    1    1    1    1    1    1    1  2.28217E+16 0.56395 
   34   34    1    1    1    1    1    1    1    1  1.70871E+16 0.43261 
   35   35    1    1    1    1    1    1    1    1  3.29371E+16 0.42247 
   36   36    1    1    1    1    1    1    1    1  3.43442E+16 0.32245 
   37   37    1    1    1    1    1    1    1    1  4.16936E+16 0.33621 
   38   38    1    1    1    1    1    1    1    1  4.59339E+16 0.32863 
   39   39    1    1    1    1    1    1    1    1  2.44072E+16 0.43233 
   40   40    1    1    1    1    1    1    1    1  6.65744E+16 0.38619 
   41   41    1    1    1    1    1    1    1    1  5.53005E+16 0.40607 
   42   42    1    1    1    1    1    1    1    1  6.29783E+16 0.36708 
   43   43    1    1    1    1    1    1    1    1  3.64648E+16 0.33642 
   44   44    1    1    1    1    1    1    1    1  6.13597E+16 0.29101 
   45   45    1    1    1    1    1    1    1    1  4.90172E+16 0.30632 
   46   46    1    1    1    1    1    1    1    1  4.47300E+16 0.39724 
   47   47    1    1    1    1    1    1    1    1  7.44066E+16 0.35080 
   48   48    1    1    1    1    1    1    1    1  4.82137E+16 0.38906 
   49   49    1    1    1    1    1    1    1    1  7.91173E+16 0.35711 
   50   50    1    1    1    1    1    1    1    1  7.19870E+16 0.67437 
   51   51    1    1    1    1    1    1    1    1  9.37982E+16 0.41832 
   52   52    1    1    1    1    1    1    1    1  7.77434E+16 0.49747 
   53   53    1    1    1    1    1    1    1    1  8.65639E+16 0.50284 
   54   54    1    1    1    1    1    1    1    1  1.15795E+17 0.52667 
   55   55    1    1    1    1    1    1    1    1  1.50146E+17 0.45478 
   56   56    1    1    1    1    1    1    1    1  1.23011E+17 0.63064 
   57   57    1    1    1    1    1    1    1    1  7.21319E+16 0.51769 
   58   58    1    1    1    1    1    1    1    1  5.31049E+16 0.55031 
   59   59    1    1    1    1    1    1    1    1  3.90437E+16 0.68859 
   60   60    1    1    1    1    1    1    1    1  1.28415E+17 0.41829 
   61   61    1    1    1    1    1    1    1    1  4.51471E+16 0.37091 
   62   62    1    1    1    1    1    1    1    1  1.14538E+17 0.46097 
   63   63    1    1    1    1    1    1    1    1  4.00851E+16 0.68214 
   64   64    1    1    1    1    1    1    1    1  1.40440E+16 0.57578 
   65   65    1    1    1    1    1    1    1    1  5.97436E+16 0.36266 
   66   66    1    1    1    1    1    1    1    1  1.00797E+17 0.27856 
   67   67    1    1    1    1    1    1    1    1  6.75545E+16 0.33988 
   68   68    1    1    1    1    1    1    1    1  7.88050E+16 0.28555 
   69   69    1    1    1    1    1    1    1    1  1.19158E+17 0.25749 
   70   70    1    1    1    1    1    1    1    1  9.64493E+16 0.22800 
   71   71    1    1    1    1    1    1    1    1  1.65403E+17 0.21549 
   72   72    1    1    1    1    1    1    1    1  1.80171E+17 0.20092 
   73   73    1    1    1    1    1    1    1    1  1.63643E+17 0.21315 
   74   74    1    1    1    1    1    1    1    1  1.58158E+17 0.17811 
   75   75    1    1    1    1    1    1    1    1  1.66604E+17 0.17072 
   76   76    1    1    1    1    1    1    1    1  1.90125E+17 0.16311 
   77   77    1    1    1    1    1    1    1    1  1.99176E+17 0.15809 
   78   78    1    1    1    1    1    1    1    1  2.58246E+17 0.17912 
   79   79    1    1    1    1    1    1    1    1  1.63546E+17 0.20937 
   80   80    1    1    1    1    1    1    1    1  3.00097E+17 0.14368 
   81   81    1    1    1    1    1    1    1    1  2.86973E+17 0.13533 
   82   82    1    1    1    1    1    1    1    1  2.77611E+17 0.14976 
   83   83    1    1    1    1    1    1    1    1  3.59025E+17 0.13851 
   84   84    1    1    1    1    1    1    1    1  4.10965E+17 0.12706 
   85   85    1    1    1    1    1    1    1    1  5.93776E+17 0.13876 
   86   86    1    1    1    1    1    1    1    1  5.06782E+17 0.14242 
   87   87    1    1    1    1    1    1    1    1  4.55797E+17 0.12854 
   88   88    1    1    1    1    1    1    1    1  6.03529E+17 0.12320 
   89   89    1    1    1    1    1    1    1    1  5.73516E+17 0.13510 
   90   90    1    1    1    1    1    1    1    1  5.37351E+17 0.20994 
   91   91    1    1    1    1    1    1    1    1  7.36850E+17 0.15871 
   92   92    1    1    1    1    1    1    1    1  5.88725E+17 0.13775 
   93   93    1    1    1    1    1    1    1    1  6.39029E+17 0.08735 
   94   94    1    1    1    1    1    1    1    1  7.87252E+17 0.08416 
   95   95    1    1    1    1    1    1    1    1  8.53436E+17 0.09306 
   96   96    1    1    1    1    1    1    1    1  1.11193E+18 0.05736 
   97   97    1    1    1    1    1    1    1    1  1.29630E+18 0.06416 
   98   98    1    1    1    1    1    1    1    1  1.39601E+18 0.05510 
   99   99    1    1    1    1    1    1    1    1  1.73278E+18 0.04790 
  100  100    1    1    1    1    1    1    1    1  1.97732E+18 0.06134 
  101  101    1    1    1    1    1    1    1    1  1.92142E+18 0.06402 
  102  102    1    1    1    1    1    1    1    1  2.09517E+18 0.06015 
  103  103    1    1    1    1    1    1    1    1  2.03626E+18 0.06233 
  104  104    1    1    1    1    1    1    1    1  2.48467E+18 0.06896 
  105  105    1    1    1    1    1    1    1    1  3.11366E+18 0.03813 
  106  106    1    1    1    1    1    1    1    1  3.86827E+18 0.03189 
  107  107    1    1    1    1    1    1    1    1  4.14587E+18 0.03297 
  108  108    1    1    1    1    1    1    1    1  4.68176E+18 0.02620 
  109  109    1    1    1    1    1    1    1    1  5.55247E+18 0.04202 
