
DETspectrum = [
    1    1    1    1    1    1    1    1    1    1  0.00000E+00 0.00000 
    2    2    1    1    1    1    1    1    1    1  0.00000E+00 0.00000 
    3    3    1    1    1    1    1    1    1    1  0.00000E+00 0.00000 
    4    4    1    1    1    1    1    1    1    1  0.00000E+00 0.00000 
    5    5    1    1    1    1    1    1    1    1  0.00000E+00 0.00000 
    6    6    1    1    1    1    1    1    1    1  0.00000E+00 0.00000 
    7    7    1    1    1    1    1    1    1    1  0.00000E+00 0.00000 
    8    8    1    1    1    1    1    1    1    1  0.00000E+00 0.00000 
    9    9    1    1    1    1    1    1    1    1  0.00000E+00 0.00000 
   10   10    1    1    1    1    1    1    1    1  0.00000E+00 0.00000 
   11   11    1    1    1    1    1    1    1    1  0.00000E+00 0.00000 
   12   12    1    1    1    1    1    1    1    1  0.00000E+00 0.00000 
   13   13    1    1    1    1    1    1    1    1  0.00000E+00 0.00000 
   14   14    1    1    1    1    1    1    1    1  0.00000E+00 0.00000 
   15   15    1    1    1    1    1    1    1    1  0.00000E+00 0.00000 
   16   16    1    1    1    1    1    1    1    1  6.83999E+14 1.00000 
   17   17    1    1    1    1    1    1    1    1  4.08895E+14 1.00000 
   18   18    1    1    1    1    1    1    1    1  0.00000E+00 0.00000 
   19   19    1    1    1    1    1    1    1    1  3.36526E+15 1.00000 
   20   20    1    1    1    1    1    1    1    1  2.33937E+15 0.74641 
   21   21    1    1    1    1    1    1    1    1  5.11778E+15 0.64791 
   22   22    1    1    1    1    1    1    1    1  4.08164E+15 0.70610 
   23   23    1    1    1    1    1    1    1    1  3.21416E+15 0.90410 
   24   24    1    1    1    1    1    1    1    1  4.40263E+15 0.69592 
   25   25    1    1    1    1    1    1    1    1  6.89267E+15 0.55718 
   26   26    1    1    1    1    1    1    1    1  5.86236E+15 0.66235 
   27   27    1    1    1    1    1    1    1    1  1.41221E+16 0.45606 
   28   28    1    1    1    1    1    1    1    1  1.17961E+16 0.50893 
   29   29    1    1    1    1    1    1    1    1  5.65988E+15 0.54425 
   30   30    1    1    1    1    1    1    1    1  6.27340E+15 0.64774 
   31   31    1    1    1    1    1    1    1    1  1.58451E+16 0.47227 
   32   32    1    1    1    1    1    1    1    1  3.23440E+16 0.38376 
   33   33    1    1    1    1    1    1    1    1  3.06232E+16 0.38106 
   34   34    1    1    1    1    1    1    1    1  3.72738E+16 0.39160 
   35   35    1    1    1    1    1    1    1    1  3.29316E+16 0.29165 
   36   36    1    1    1    1    1    1    1    1  5.50716E+16 0.27858 
   37   37    1    1    1    1    1    1    1    1  7.29878E+16 0.24053 
   38   38    1    1    1    1    1    1    1    1  8.76108E+16 0.27102 
   39   39    1    1    1    1    1    1    1    1  9.06183E+16 0.27589 
   40   40    1    1    1    1    1    1    1    1  9.31612E+16 0.23231 
   41   41    1    1    1    1    1    1    1    1  1.04693E+17 0.22927 
   42   42    1    1    1    1    1    1    1    1  1.16783E+17 0.21949 
   43   43    1    1    1    1    1    1    1    1  1.51082E+17 0.21838 
   44   44    1    1    1    1    1    1    1    1  1.31781E+17 0.21534 
   45   45    1    1    1    1    1    1    1    1  1.34021E+17 0.18912 
   46   46    1    1    1    1    1    1    1    1  2.03992E+17 0.23909 
   47   47    1    1    1    1    1    1    1    1  2.08944E+17 0.29006 
   48   48    1    1    1    1    1    1    1    1  1.73438E+17 0.23198 
   49   49    1    1    1    1    1    1    1    1  1.66857E+17 0.22360 
   50   50    1    1    1    1    1    1    1    1  1.63231E+17 0.32298 
   51   51    1    1    1    1    1    1    1    1  2.42675E+17 0.31552 
   52   52    1    1    1    1    1    1    1    1  1.58650E+17 0.39530 
   53   53    1    1    1    1    1    1    1    1  2.35609E+17 0.30588 
   54   54    1    1    1    1    1    1    1    1  2.02277E+17 0.37145 
   55   55    1    1    1    1    1    1    1    1  1.74210E+17 0.32628 
   56   56    1    1    1    1    1    1    1    1  1.75968E+17 0.32758 
   57   57    1    1    1    1    1    1    1    1  1.10535E+17 0.38769 
   58   58    1    1    1    1    1    1    1    1  2.45086E+17 0.28787 
   59   59    1    1    1    1    1    1    1    1  2.51487E+17 0.31599 
   60   60    1    1    1    1    1    1    1    1  1.49015E+17 0.37219 
   61   61    1    1    1    1    1    1    1    1  2.62900E+17 0.29704 
   62   62    1    1    1    1    1    1    1    1  1.58671E+17 0.44397 
   63   63    1    1    1    1    1    1    1    1  2.09213E+17 0.46641 
   64   64    1    1    1    1    1    1    1    1  2.55818E+17 0.30227 
   65   65    1    1    1    1    1    1    1    1  2.20877E+17 0.24201 
   66   66    1    1    1    1    1    1    1    1  2.53669E+17 0.20737 
   67   67    1    1    1    1    1    1    1    1  2.80856E+17 0.22059 
   68   68    1    1    1    1    1    1    1    1  2.40416E+17 0.25655 
   69   69    1    1    1    1    1    1    1    1  2.14698E+17 0.18738 
   70   70    1    1    1    1    1    1    1    1  2.78571E+17 0.15273 
   71   71    1    1    1    1    1    1    1    1  2.75273E+17 0.18014 
   72   72    1    1    1    1    1    1    1    1  3.08549E+17 0.16860 
   73   73    1    1    1    1    1    1    1    1  2.47433E+17 0.15873 
   74   74    1    1    1    1    1    1    1    1  2.98188E+17 0.13619 
   75   75    1    1    1    1    1    1    1    1  2.83776E+17 0.14064 
   76   76    1    1    1    1    1    1    1    1  2.95751E+17 0.14698 
   77   77    1    1    1    1    1    1    1    1  4.39249E+17 0.13940 
   78   78    1    1    1    1    1    1    1    1  4.02769E+17 0.14286 
   79   79    1    1    1    1    1    1    1    1  4.67700E+17 0.16012 
   80   80    1    1    1    1    1    1    1    1  3.92542E+17 0.11810 
   81   81    1    1    1    1    1    1    1    1  4.15607E+17 0.12810 
   82   82    1    1    1    1    1    1    1    1  4.39185E+17 0.13468 
   83   83    1    1    1    1    1    1    1    1  5.26004E+17 0.13997 
   84   84    1    1    1    1    1    1    1    1  6.79632E+17 0.11287 
   85   85    1    1    1    1    1    1    1    1  8.27833E+17 0.10652 
   86   86    1    1    1    1    1    1    1    1  8.47500E+17 0.10983 
   87   87    1    1    1    1    1    1    1    1  7.32291E+17 0.10760 
   88   88    1    1    1    1    1    1    1    1  8.41205E+17 0.10876 
   89   89    1    1    1    1    1    1    1    1  8.89691E+17 0.10558 
   90   90    1    1    1    1    1    1    1    1  8.36418E+17 0.16493 
   91   91    1    1    1    1    1    1    1    1  1.10427E+18 0.13265 
   92   92    1    1    1    1    1    1    1    1  8.97754E+17 0.10916 
   93   93    1    1    1    1    1    1    1    1  9.27324E+17 0.07712 
   94   94    1    1    1    1    1    1    1    1  8.94644E+17 0.08530 
   95   95    1    1    1    1    1    1    1    1  1.19804E+18 0.07458 
   96   96    1    1    1    1    1    1    1    1  1.58758E+18 0.05101 
   97   97    1    1    1    1    1    1    1    1  1.97635E+18 0.05750 
   98   98    1    1    1    1    1    1    1    1  2.36605E+18 0.04783 
   99   99    1    1    1    1    1    1    1    1  2.56100E+18 0.04335 
  100  100    1    1    1    1    1    1    1    1  2.65032E+18 0.05331 
  101  101    1    1    1    1    1    1    1    1  3.00547E+18 0.04882 
  102  102    1    1    1    1    1    1    1    1  2.80290E+18 0.05265 
  103  103    1    1    1    1    1    1    1    1  2.75424E+18 0.05211 
  104  104    1    1    1    1    1    1    1    1  3.50846E+18 0.06306 
  105  105    1    1    1    1    1    1    1    1  4.10888E+18 0.03303 
  106  106    1    1    1    1    1    1    1    1  4.61201E+18 0.03095 
  107  107    1    1    1    1    1    1    1    1  5.14314E+18 0.02906 
  108  108    1    1    1    1    1    1    1    1  5.78777E+18 0.02427 
  109  109    1    1    1    1    1    1    1    1  7.27480E+18 0.03490 
