
DETspectrum = [
    1    1    1    1    1    1    1    1    1    1  0.00000E+00 0.00000 
    2    2    1    1    1    1    1    1    1    1  0.00000E+00 0.00000 
    3    3    1    1    1    1    1    1    1    1  0.00000E+00 0.00000 
    4    4    1    1    1    1    1    1    1    1  0.00000E+00 0.00000 
    5    5    1    1    1    1    1    1    1    1  0.00000E+00 0.00000 
    6    6    1    1    1    1    1    1    1    1  0.00000E+00 0.00000 
    7    7    1    1    1    1    1    1    1    1  0.00000E+00 0.00000 
    8    8    1    1    1    1    1    1    1    1  0.00000E+00 0.00000 
    9    9    1    1    1    1    1    1    1    1  0.00000E+00 0.00000 
   10   10    1    1    1    1    1    1    1    1  0.00000E+00 0.00000 
   11   11    1    1    1    1    1    1    1    1  0.00000E+00 0.00000 
   12   12    1    1    1    1    1    1    1    1  0.00000E+00 0.00000 
   13   13    1    1    1    1    1    1    1    1  0.00000E+00 0.00000 
   14   14    1    1    1    1    1    1    1    1  0.00000E+00 0.00000 
   15   15    1    1    1    1    1    1    1    1  0.00000E+00 0.00000 
   16   16    1    1    1    1    1    1    1    1  0.00000E+00 0.00000 
   17   17    1    1    1    1    1    1    1    1  0.00000E+00 0.00000 
   18   18    1    1    1    1    1    1    1    1  0.00000E+00 0.00000 
   19   19    1    1    1    1    1    1    1    1  0.00000E+00 0.00000 
   20   20    1    1    1    1    1    1    1    1  0.00000E+00 0.00000 
   21   21    1    1    1    1    1    1    1    1  0.00000E+00 0.00000 
   22   22    1    1    1    1    1    1    1    1  0.00000E+00 0.00000 
   23   23    1    1    1    1    1    1    1    1  3.38703E+14 1.00000 
   24   24    1    1    1    1    1    1    1    1  0.00000E+00 0.00000 
   25   25    1    1    1    1    1    1    1    1  0.00000E+00 0.00000 
   26   26    1    1    1    1    1    1    1    1  2.20747E+15 0.88289 
   27   27    1    1    1    1    1    1    1    1  9.55020E+14 1.00000 
   28   28    1    1    1    1    1    1    1    1  1.75179E+15 0.82135 
   29   29    1    1    1    1    1    1    1    1  2.00826E+15 0.82510 
   30   30    1    1    1    1    1    1    1    1  3.08353E+15 0.71378 
   31   31    1    1    1    1    1    1    1    1  3.41827E+15 0.71519 
   32   32    1    1    1    1    1    1    1    1  5.65298E+15 0.65292 
   33   33    1    1    1    1    1    1    1    1  0.00000E+00 0.00000 
   34   34    1    1    1    1    1    1    1    1  3.77035E+15 0.71323 
   35   35    1    1    1    1    1    1    1    1  1.72237E+16 0.50755 
   36   36    1    1    1    1    1    1    1    1  1.44704E+16 0.50515 
   37   37    1    1    1    1    1    1    1    1  1.81098E+16 0.42981 
   38   38    1    1    1    1    1    1    1    1  9.24475E+15 0.48679 
   39   39    1    1    1    1    1    1    1    1  7.80525E+15 0.49797 
   40   40    1    1    1    1    1    1    1    1  1.60786E+16 0.45987 
   41   41    1    1    1    1    1    1    1    1  2.26210E+16 0.39977 
   42   42    1    1    1    1    1    1    1    1  2.62127E+16 0.34951 
   43   43    1    1    1    1    1    1    1    1  1.81647E+16 0.36361 
   44   44    1    1    1    1    1    1    1    1  4.80249E+16 0.35489 
   45   45    1    1    1    1    1    1    1    1  4.27446E+16 0.42156 
   46   46    1    1    1    1    1    1    1    1  3.53765E+16 0.42469 
   47   47    1    1    1    1    1    1    1    1  4.14513E+16 0.36119 
   48   48    1    1    1    1    1    1    1    1  2.90410E+16 0.43605 
   49   49    1    1    1    1    1    1    1    1  3.12546E+16 0.38776 
   50   50    1    1    1    1    1    1    1    1  1.63064E+16 0.60883 
   51   51    1    1    1    1    1    1    1    1  2.50618E+16 0.46913 
   52   52    1    1    1    1    1    1    1    1  3.10597E+16 0.75060 
   53   53    1    1    1    1    1    1    1    1  6.72622E+16 0.50362 
   54   54    1    1    1    1    1    1    1    1  4.08088E+16 0.61512 
   55   55    1    1    1    1    1    1    1    1  6.82234E+16 0.51072 
   56   56    1    1    1    1    1    1    1    1  3.25453E+16 0.76105 
   57   57    1    1    1    1    1    1    1    1  3.52018E+16 0.55532 
   58   58    1    1    1    1    1    1    1    1  5.13287E+16 0.53458 
   59   59    1    1    1    1    1    1    1    1  2.63689E+16 0.70324 
   60   60    1    1    1    1    1    1    1    1  2.74708E+16 0.40534 
   61   61    1    1    1    1    1    1    1    1  4.26118E+16 0.60544 
   62   62    1    1    1    1    1    1    1    1  3.47604E+16 0.75653 
   63   63    1    1    1    1    1    1    1    1  6.07382E+16 0.72894 
   64   64    1    1    1    1    1    1    1    1  1.01996E+17 0.56998 
   65   65    1    1    1    1    1    1    1    1  2.81488E+16 0.52913 
   66   66    1    1    1    1    1    1    1    1  7.11053E+16 0.36695 
   67   67    1    1    1    1    1    1    1    1  2.38984E+16 0.34984 
   68   68    1    1    1    1    1    1    1    1  1.84508E+16 0.42803 
   69   69    1    1    1    1    1    1    1    1  6.99854E+16 0.28450 
   70   70    1    1    1    1    1    1    1    1  4.96744E+16 0.29982 
   71   71    1    1    1    1    1    1    1    1  4.09603E+16 0.30048 
   72   72    1    1    1    1    1    1    1    1  4.14738E+16 0.29966 
   73   73    1    1    1    1    1    1    1    1  3.67046E+16 0.31209 
   74   74    1    1    1    1    1    1    1    1  6.83834E+16 0.26882 
   75   75    1    1    1    1    1    1    1    1  5.11110E+16 0.26050 
   76   76    1    1    1    1    1    1    1    1  6.92180E+16 0.22994 
   77   77    1    1    1    1    1    1    1    1  7.08477E+16 0.24644 
   78   78    1    1    1    1    1    1    1    1  1.01730E+17 0.21693 
   79   79    1    1    1    1    1    1    1    1  1.59243E+17 0.25347 
   80   80    1    1    1    1    1    1    1    1  1.35136E+17 0.17974 
   81   81    1    1    1    1    1    1    1    1  1.12661E+17 0.21450 
   82   82    1    1    1    1    1    1    1    1  9.24718E+16 0.24268 
   83   83    1    1    1    1    1    1    1    1  1.14322E+17 0.20406 
   84   84    1    1    1    1    1    1    1    1  2.11852E+17 0.17871 
   85   85    1    1    1    1    1    1    1    1  2.70603E+17 0.16984 
   86   86    1    1    1    1    1    1    1    1  1.91068E+17 0.19480 
   87   87    1    1    1    1    1    1    1    1  2.57460E+17 0.18570 
   88   88    1    1    1    1    1    1    1    1  3.08437E+17 0.17532 
   89   89    1    1    1    1    1    1    1    1  2.81426E+17 0.17165 
   90   90    1    1    1    1    1    1    1    1  2.10607E+17 0.30029 
   91   91    1    1    1    1    1    1    1    1  3.02625E+17 0.23214 
   92   92    1    1    1    1    1    1    1    1  3.71728E+17 0.18863 
   93   93    1    1    1    1    1    1    1    1  3.24623E+17 0.11880 
   94   94    1    1    1    1    1    1    1    1  3.72732E+17 0.13318 
   95   95    1    1    1    1    1    1    1    1  4.91197E+17 0.11727 
   96   96    1    1    1    1    1    1    1    1  6.54578E+17 0.06403 
   97   97    1    1    1    1    1    1    1    1  8.56137E+17 0.07973 
   98   98    1    1    1    1    1    1    1    1  8.29704E+17 0.06982 
   99   99    1    1    1    1    1    1    1    1  1.02705E+18 0.05441 
  100  100    1    1    1    1    1    1    1    1  1.17218E+18 0.07998 
  101  101    1    1    1    1    1    1    1    1  1.43876E+18 0.06782 
  102  102    1    1    1    1    1    1    1    1  1.18979E+18 0.06644 
  103  103    1    1    1    1    1    1    1    1  1.27355E+18 0.06982 
  104  104    1    1    1    1    1    1    1    1  1.57004E+18 0.08374 
  105  105    1    1    1    1    1    1    1    1  2.05521E+18 0.04322 
  106  106    1    1    1    1    1    1    1    1  2.62741E+18 0.03882 
  107  107    1    1    1    1    1    1    1    1  2.97960E+18 0.03795 
  108  108    1    1    1    1    1    1    1    1  3.17235E+18 0.02906 
  109  109    1    1    1    1    1    1    1    1  3.89191E+18 0.04664 
