
DETspectrum = [
    1    1    1    1    1    1    1    1    1    1  0.00000E+00 0.00000 
    2    2    1    1    1    1    1    1    1    1  0.00000E+00 0.00000 
    3    3    1    1    1    1    1    1    1    1  0.00000E+00 0.00000 
    4    4    1    1    1    1    1    1    1    1  0.00000E+00 0.00000 
    5    5    1    1    1    1    1    1    1    1  0.00000E+00 0.00000 
    6    6    1    1    1    1    1    1    1    1  0.00000E+00 0.00000 
    7    7    1    1    1    1    1    1    1    1  0.00000E+00 0.00000 
    8    8    1    1    1    1    1    1    1    1  0.00000E+00 0.00000 
    9    9    1    1    1    1    1    1    1    1  0.00000E+00 0.00000 
   10   10    1    1    1    1    1    1    1    1  0.00000E+00 0.00000 
   11   11    1    1    1    1    1    1    1    1  0.00000E+00 0.00000 
   12   12    1    1    1    1    1    1    1    1  0.00000E+00 0.00000 
   13   13    1    1    1    1    1    1    1    1  0.00000E+00 0.00000 
   14   14    1    1    1    1    1    1    1    1  0.00000E+00 0.00000 
   15   15    1    1    1    1    1    1    1    1  0.00000E+00 0.00000 
   16   16    1    1    1    1    1    1    1    1  0.00000E+00 0.00000 
   17   17    1    1    1    1    1    1    1    1  0.00000E+00 0.00000 
   18   18    1    1    1    1    1    1    1    1  0.00000E+00 0.00000 
   19   19    1    1    1    1    1    1    1    1  0.00000E+00 0.00000 
   20   20    1    1    1    1    1    1    1    1  0.00000E+00 0.00000 
   21   21    1    1    1    1    1    1    1    1  0.00000E+00 0.00000 
   22   22    1    1    1    1    1    1    1    1  0.00000E+00 0.00000 
   23   23    1    1    1    1    1    1    1    1  0.00000E+00 0.00000 
   24   24    1    1    1    1    1    1    1    1  0.00000E+00 0.00000 
   25   25    1    1    1    1    1    1    1    1  0.00000E+00 0.00000 
   26   26    1    1    1    1    1    1    1    1  0.00000E+00 0.00000 
   27   27    1    1    1    1    1    1    1    1  0.00000E+00 0.00000 
   28   28    1    1    1    1    1    1    1    1  2.82537E+15 1.00000 
   29   29    1    1    1    1    1    1    1    1  0.00000E+00 0.00000 
   30   30    1    1    1    1    1    1    1    1  1.80361E+15 1.00000 
   31   31    1    1    1    1    1    1    1    1  4.87546E+14 1.00000 
   32   32    1    1    1    1    1    1    1    1  1.05543E+15 1.00000 
   33   33    1    1    1    1    1    1    1    1  1.14097E+15 0.70609 
   34   34    1    1    1    1    1    1    1    1  2.44249E+15 0.78949 
   35   35    1    1    1    1    1    1    1    1  4.31588E+15 0.85013 
   36   36    1    1    1    1    1    1    1    1  6.74456E+15 0.66805 
   37   37    1    1    1    1    1    1    1    1  9.31524E+15 0.78347 
   38   38    1    1    1    1    1    1    1    1  2.35092E+16 0.85792 
   39   39    1    1    1    1    1    1    1    1  1.36442E+16 0.79902 
   40   40    1    1    1    1    1    1    1    1  1.65274E+16 0.72537 
   41   41    1    1    1    1    1    1    1    1  1.27475E+16 0.49422 
   42   42    1    1    1    1    1    1    1    1  1.24613E+16 0.74024 
   43   43    1    1    1    1    1    1    1    1  2.78769E+16 0.38341 
   44   44    1    1    1    1    1    1    1    1  4.06507E+16 0.37710 
   45   45    1    1    1    1    1    1    1    1  3.30990E+16 0.46339 
   46   46    1    1    1    1    1    1    1    1  2.66825E+16 0.54618 
   47   47    1    1    1    1    1    1    1    1  9.14369E+15 0.74399 
   48   48    1    1    1    1    1    1    1    1  2.88072E+16 0.50017 
   49   49    1    1    1    1    1    1    1    1  2.70331E+16 0.74628 
   50   50    1    1    1    1    1    1    1    1  2.96469E+16 0.71748 
   51   51    1    1    1    1    1    1    1    1  1.09251E+17 0.52811 
   52   52    1    1    1    1    1    1    1    1  4.44950E+16 0.58392 
   53   53    1    1    1    1    1    1    1    1  3.60880E+16 0.69814 
   54   54    1    1    1    1    1    1    1    1  7.60007E+16 0.70633 
   55   55    1    1    1    1    1    1    1    1  3.65776E+16 0.70033 
   56   56    1    1    1    1    1    1    1    1  2.84017E+16 0.86018 
   57   57    1    1    1    1    1    1    1    1  1.77008E+16 0.60486 
   58   58    1    1    1    1    1    1    1    1  4.20036E+16 0.63379 
   59   59    1    1    1    1    1    1    1    1  1.80533E+16 0.49786 
   60   60    1    1    1    1    1    1    1    1  5.59770E+16 0.50852 
   61   61    1    1    1    1    1    1    1    1  9.50234E+15 1.00000 
   62   62    1    1    1    1    1    1    1    1  5.67594E+16 0.92071 
   63   63    1    1    1    1    1    1    1    1  3.49259E+16 0.75177 
   64   64    1    1    1    1    1    1    1    1  3.00192E+16 0.85253 
   65   65    1    1    1    1    1    1    1    1  1.98279E+16 0.65616 
   66   66    1    1    1    1    1    1    1    1  2.77517E+16 0.79435 
   67   67    1    1    1    1    1    1    1    1  6.05234E+15 0.74639 
   68   68    1    1    1    1    1    1    1    1  1.02811E+16 0.44468 
   69   69    1    1    1    1    1    1    1    1  1.39121E+16 0.49048 
   70   70    1    1    1    1    1    1    1    1  5.02096E+16 0.31430 
   71   71    1    1    1    1    1    1    1    1  3.54684E+16 0.34602 
   72   72    1    1    1    1    1    1    1    1  3.96031E+16 0.32842 
   73   73    1    1    1    1    1    1    1    1  3.28010E+16 0.39380 
   74   74    1    1    1    1    1    1    1    1  3.63378E+16 0.33312 
   75   75    1    1    1    1    1    1    1    1  7.87105E+16 0.27959 
   76   76    1    1    1    1    1    1    1    1  4.41708E+16 0.26297 
   77   77    1    1    1    1    1    1    1    1  6.13125E+16 0.24771 
   78   78    1    1    1    1    1    1    1    1  8.94212E+16 0.24812 
   79   79    1    1    1    1    1    1    1    1  9.50377E+16 0.26372 
   80   80    1    1    1    1    1    1    1    1  1.40243E+17 0.22295 
   81   81    1    1    1    1    1    1    1    1  2.12207E+17 0.20964 
   82   82    1    1    1    1    1    1    1    1  1.11134E+17 0.18582 
   83   83    1    1    1    1    1    1    1    1  1.82820E+17 0.20004 
   84   84    1    1    1    1    1    1    1    1  1.89783E+17 0.22594 
   85   85    1    1    1    1    1    1    1    1  1.98045E+17 0.19056 
   86   86    1    1    1    1    1    1    1    1  2.67778E+17 0.18563 
   87   87    1    1    1    1    1    1    1    1  2.71565E+17 0.20566 
   88   88    1    1    1    1    1    1    1    1  2.68031E+17 0.18380 
   89   89    1    1    1    1    1    1    1    1  2.58206E+17 0.18094 
   90   90    1    1    1    1    1    1    1    1  4.36795E+17 0.24089 
   91   91    1    1    1    1    1    1    1    1  1.55526E+17 0.28282 
   92   92    1    1    1    1    1    1    1    1  2.70825E+17 0.19446 
   93   93    1    1    1    1    1    1    1    1  2.90005E+17 0.11183 
   94   94    1    1    1    1    1    1    1    1  3.39146E+17 0.13560 
   95   95    1    1    1    1    1    1    1    1  4.45337E+17 0.12282 
   96   96    1    1    1    1    1    1    1    1  6.02654E+17 0.07760 
   97   97    1    1    1    1    1    1    1    1  8.63146E+17 0.08316 
   98   98    1    1    1    1    1    1    1    1  8.26701E+17 0.07472 
   99   99    1    1    1    1    1    1    1    1  9.90998E+17 0.05683 
  100  100    1    1    1    1    1    1    1    1  1.22504E+18 0.07536 
  101  101    1    1    1    1    1    1    1    1  1.17940E+18 0.07154 
  102  102    1    1    1    1    1    1    1    1  1.19316E+18 0.07214 
  103  103    1    1    1    1    1    1    1    1  1.12386E+18 0.06823 
  104  104    1    1    1    1    1    1    1    1  1.71446E+18 0.07011 
  105  105    1    1    1    1    1    1    1    1  1.92881E+18 0.04245 
  106  106    1    1    1    1    1    1    1    1  2.62372E+18 0.03786 
  107  107    1    1    1    1    1    1    1    1  3.05296E+18 0.03801 
  108  108    1    1    1    1    1    1    1    1  3.18786E+18 0.03026 
  109  109    1    1    1    1    1    1    1    1  4.27659E+18 0.04275 
