
DETspectrum = [
    1    1    1    1    1    1    1    1    1    1  0.00000E+00 0.00000 
    2    2    1    1    1    1    1    1    1    1  0.00000E+00 0.00000 
    3    3    1    1    1    1    1    1    1    1  0.00000E+00 0.00000 
    4    4    1    1    1    1    1    1    1    1  0.00000E+00 0.00000 
    5    5    1    1    1    1    1    1    1    1  0.00000E+00 0.00000 
    6    6    1    1    1    1    1    1    1    1  0.00000E+00 0.00000 
    7    7    1    1    1    1    1    1    1    1  0.00000E+00 0.00000 
    8    8    1    1    1    1    1    1    1    1  0.00000E+00 0.00000 
    9    9    1    1    1    1    1    1    1    1  0.00000E+00 0.00000 
   10   10    1    1    1    1    1    1    1    1  0.00000E+00 0.00000 
   11   11    1    1    1    1    1    1    1    1  0.00000E+00 0.00000 
   12   12    1    1    1    1    1    1    1    1  0.00000E+00 0.00000 
   13   13    1    1    1    1    1    1    1    1  0.00000E+00 0.00000 
   14   14    1    1    1    1    1    1    1    1  0.00000E+00 0.00000 
   15   15    1    1    1    1    1    1    1    1  0.00000E+00 0.00000 
   16   16    1    1    1    1    1    1    1    1  0.00000E+00 0.00000 
   17   17    1    1    1    1    1    1    1    1  0.00000E+00 0.00000 
   18   18    1    1    1    1    1    1    1    1  0.00000E+00 0.00000 
   19   19    1    1    1    1    1    1    1    1  0.00000E+00 0.00000 
   20   20    1    1    1    1    1    1    1    1  0.00000E+00 0.00000 
   21   21    1    1    1    1    1    1    1    1  0.00000E+00 0.00000 
   22   22    1    1    1    1    1    1    1    1  1.80432E+15 1.00000 
   23   23    1    1    1    1    1    1    1    1  8.79218E+14 1.00000 
   24   24    1    1    1    1    1    1    1    1  3.72339E+15 1.00000 
   25   25    1    1    1    1    1    1    1    1  2.91448E+15 1.00000 
   26   26    1    1    1    1    1    1    1    1  1.84486E+15 1.00000 
   27   27    1    1    1    1    1    1    1    1  0.00000E+00 0.00000 
   28   28    1    1    1    1    1    1    1    1  0.00000E+00 0.00000 
   29   29    1    1    1    1    1    1    1    1  0.00000E+00 0.00000 
   30   30    1    1    1    1    1    1    1    1  0.00000E+00 0.00000 
   31   31    1    1    1    1    1    1    1    1  0.00000E+00 0.00000 
   32   32    1    1    1    1    1    1    1    1  0.00000E+00 0.00000 
   33   33    1    1    1    1    1    1    1    1  6.37776E+15 1.00000 
   34   34    1    1    1    1    1    1    1    1  6.84033E+15 1.00000 
   35   35    1    1    1    1    1    1    1    1  5.62978E+15 1.00000 
   36   36    1    1    1    1    1    1    1    1  3.27456E+15 0.73649 
   37   37    1    1    1    1    1    1    1    1  9.20824E+15 0.91132 
   38   38    1    1    1    1    1    1    1    1  5.35694E+15 0.64807 
   39   39    1    1    1    1    1    1    1    1  3.89017E+15 0.78501 
   40   40    1    1    1    1    1    1    1    1  3.09224E+15 0.74864 
   41   41    1    1    1    1    1    1    1    1  2.71602E+15 0.52419 
   42   42    1    1    1    1    1    1    1    1  1.29991E+16 0.44263 
   43   43    1    1    1    1    1    1    1    1  9.10896E+15 0.51368 
   44   44    1    1    1    1    1    1    1    1  1.44497E+16 0.43093 
   45   45    1    1    1    1    1    1    1    1  1.93302E+16 0.44968 
   46   46    1    1    1    1    1    1    1    1  1.55272E+16 0.62946 
   47   47    1    1    1    1    1    1    1    1  1.99793E+16 0.42931 
   48   48    1    1    1    1    1    1    1    1  3.55856E+16 0.61077 
   49   49    1    1    1    1    1    1    1    1  2.81500E+16 0.44080 
   50   50    1    1    1    1    1    1    1    1  5.46235E+16 0.65525 
   51   51    1    1    1    1    1    1    1    1  1.26104E+16 0.57578 
   52   52    1    1    1    1    1    1    1    1  8.22070E+15 0.70616 
   53   53    1    1    1    1    1    1    1    1  5.10152E+16 0.65396 
   54   54    1    1    1    1    1    1    1    1  2.78883E+16 0.85891 
   55   55    1    1    1    1    1    1    1    1  8.47643E+15 0.70616 
   56   56    1    1    1    1    1    1    1    1  2.18179E+16 0.44466 
   57   57    1    1    1    1    1    1    1    1  4.16581E+16 0.61608 
   58   58    1    1    1    1    1    1    1    1  4.21483E+16 0.61716 
   59   59    1    1    1    1    1    1    1    1  2.68767E+16 0.52568 
   60   60    1    1    1    1    1    1    1    1  3.81893E+16 0.67846 
   61   61    1    1    1    1    1    1    1    1  4.37245E+16 0.62758 
   62   62    1    1    1    1    1    1    1    1  4.57788E+15 1.00000 
   63   63    1    1    1    1    1    1    1    1  1.34977E+16 1.00000 
   64   64    1    1    1    1    1    1    1    1  1.40005E+16 0.74465 
   65   65    1    1    1    1    1    1    1    1  2.96063E+16 0.44534 
   66   66    1    1    1    1    1    1    1    1  1.76021E+16 0.45287 
   67   67    1    1    1    1    1    1    1    1  3.21842E+16 0.44447 
   68   68    1    1    1    1    1    1    1    1  2.19806E+16 0.44870 
   69   69    1    1    1    1    1    1    1    1  5.85589E+16 0.29380 
   70   70    1    1    1    1    1    1    1    1  4.13514E+16 0.31015 
   71   71    1    1    1    1    1    1    1    1  6.32619E+16 0.25895 
   72   72    1    1    1    1    1    1    1    1  8.33740E+16 0.27108 
   73   73    1    1    1    1    1    1    1    1  7.59482E+16 0.26853 
   74   74    1    1    1    1    1    1    1    1  4.76114E+16 0.21978 
   75   75    1    1    1    1    1    1    1    1  4.42333E+16 0.23808 
   76   76    1    1    1    1    1    1    1    1  5.79953E+16 0.22579 
   77   77    1    1    1    1    1    1    1    1  7.67848E+16 0.19721 
   78   78    1    1    1    1    1    1    1    1  6.01252E+16 0.24460 
   79   79    1    1    1    1    1    1    1    1  8.51871E+16 0.24469 
   80   80    1    1    1    1    1    1    1    1  1.05124E+17 0.21085 
   81   81    1    1    1    1    1    1    1    1  1.09164E+17 0.19887 
   82   82    1    1    1    1    1    1    1    1  1.08224E+17 0.21469 
   83   83    1    1    1    1    1    1    1    1  1.72763E+17 0.22033 
   84   84    1    1    1    1    1    1    1    1  2.09383E+17 0.19336 
   85   85    1    1    1    1    1    1    1    1  2.31498E+17 0.17004 
   86   86    1    1    1    1    1    1    1    1  2.65554E+17 0.18322 
   87   87    1    1    1    1    1    1    1    1  1.44723E+17 0.20628 
   88   88    1    1    1    1    1    1    1    1  2.04637E+17 0.18383 
   89   89    1    1    1    1    1    1    1    1  2.35683E+17 0.19808 
   90   90    1    1    1    1    1    1    1    1  1.99668E+17 0.29323 
   91   91    1    1    1    1    1    1    1    1  2.25915E+17 0.27136 
   92   92    1    1    1    1    1    1    1    1  2.80162E+17 0.19939 
   93   93    1    1    1    1    1    1    1    1  2.47603E+17 0.11982 
   94   94    1    1    1    1    1    1    1    1  2.80949E+17 0.14042 
   95   95    1    1    1    1    1    1    1    1  3.58987E+17 0.13392 
   96   96    1    1    1    1    1    1    1    1  5.78942E+17 0.07134 
   97   97    1    1    1    1    1    1    1    1  7.14354E+17 0.07781 
   98   98    1    1    1    1    1    1    1    1  7.34226E+17 0.06316 
   99   99    1    1    1    1    1    1    1    1  9.40438E+17 0.05656 
  100  100    1    1    1    1    1    1    1    1  1.20427E+18 0.07358 
  101  101    1    1    1    1    1    1    1    1  1.29151E+18 0.07217 
  102  102    1    1    1    1    1    1    1    1  1.20654E+18 0.07630 
  103  103    1    1    1    1    1    1    1    1  1.05213E+18 0.07109 
  104  104    1    1    1    1    1    1    1    1  1.51900E+18 0.08478 
  105  105    1    1    1    1    1    1    1    1  1.83899E+18 0.04317 
  106  106    1    1    1    1    1    1    1    1  2.38990E+18 0.03840 
  107  107    1    1    1    1    1    1    1    1  2.73881E+18 0.04032 
  108  108    1    1    1    1    1    1    1    1  3.03101E+18 0.03026 
  109  109    1    1    1    1    1    1    1    1  3.95389E+18 0.04764 
