
DETspectrum = [
    1    1    1    1    1    1    1    1    1    1  0.00000E+00 0.00000 
    2    2    1    1    1    1    1    1    1    1  0.00000E+00 0.00000 
    3    3    1    1    1    1    1    1    1    1  0.00000E+00 0.00000 
    4    4    1    1    1    1    1    1    1    1  0.00000E+00 0.00000 
    5    5    1    1    1    1    1    1    1    1  0.00000E+00 0.00000 
    6    6    1    1    1    1    1    1    1    1  0.00000E+00 0.00000 
    7    7    1    1    1    1    1    1    1    1  0.00000E+00 0.00000 
    8    8    1    1    1    1    1    1    1    1  0.00000E+00 0.00000 
    9    9    1    1    1    1    1    1    1    1  0.00000E+00 0.00000 
   10   10    1    1    1    1    1    1    1    1  0.00000E+00 0.00000 
   11   11    1    1    1    1    1    1    1    1  0.00000E+00 0.00000 
   12   12    1    1    1    1    1    1    1    1  0.00000E+00 0.00000 
   13   13    1    1    1    1    1    1    1    1  0.00000E+00 0.00000 
   14   14    1    1    1    1    1    1    1    1  0.00000E+00 0.00000 
   15   15    1    1    1    1    1    1    1    1  0.00000E+00 0.00000 
   16   16    1    1    1    1    1    1    1    1  0.00000E+00 0.00000 
   17   17    1    1    1    1    1    1    1    1  0.00000E+00 0.00000 
   18   18    1    1    1    1    1    1    1    1  0.00000E+00 0.00000 
   19   19    1    1    1    1    1    1    1    1  0.00000E+00 0.00000 
   20   20    1    1    1    1    1    1    1    1  0.00000E+00 0.00000 
   21   21    1    1    1    1    1    1    1    1  0.00000E+00 0.00000 
   22   22    1    1    1    1    1    1    1    1  9.26614E+14 1.00000 
   23   23    1    1    1    1    1    1    1    1  0.00000E+00 0.00000 
   24   24    1    1    1    1    1    1    1    1  1.99288E+14 1.00000 
   25   25    1    1    1    1    1    1    1    1  1.96658E+15 0.63205 
   26   26    1    1    1    1    1    1    1    1  1.61684E+15 1.00000 
   27   27    1    1    1    1    1    1    1    1  2.80805E+15 0.74176 
   28   28    1    1    1    1    1    1    1    1  6.95431E+15 0.90252 
   29   29    1    1    1    1    1    1    1    1  5.10991E+15 0.59648 
   30   30    1    1    1    1    1    1    1    1  2.98447E+15 0.86215 
   31   31    1    1    1    1    1    1    1    1  2.93302E+15 0.70774 
   32   32    1    1    1    1    1    1    1    1  4.27648E+15 0.63878 
   33   33    1    1    1    1    1    1    1    1  1.13853E+16 0.45795 
   34   34    1    1    1    1    1    1    1    1  2.56399E+16 0.51786 
   35   35    1    1    1    1    1    1    1    1  2.42007E+16 0.46427 
   36   36    1    1    1    1    1    1    1    1  1.83557E+16 0.50756 
   37   37    1    1    1    1    1    1    1    1  1.75415E+16 0.57597 
   38   38    1    1    1    1    1    1    1    1  3.20997E+16 0.31689 
   39   39    1    1    1    1    1    1    1    1  3.22692E+16 0.36984 
   40   40    1    1    1    1    1    1    1    1  3.76997E+16 0.44357 
   41   41    1    1    1    1    1    1    1    1  4.37182E+16 0.40869 
   42   42    1    1    1    1    1    1    1    1  6.58267E+16 0.28418 
   43   43    1    1    1    1    1    1    1    1  5.44288E+16 0.29952 
   44   44    1    1    1    1    1    1    1    1  7.89031E+16 0.26496 
   45   45    1    1    1    1    1    1    1    1  6.74330E+16 0.22607 
   46   46    1    1    1    1    1    1    1    1  6.33812E+16 0.34880 
   47   47    1    1    1    1    1    1    1    1  1.06360E+17 0.34752 
   48   48    1    1    1    1    1    1    1    1  1.21344E+17 0.27489 
   49   49    1    1    1    1    1    1    1    1  1.29093E+17 0.27871 
   50   50    1    1    1    1    1    1    1    1  1.00553E+17 0.52882 
   51   51    1    1    1    1    1    1    1    1  6.14097E+16 0.46123 
   52   52    1    1    1    1    1    1    1    1  1.11066E+17 0.51863 
   53   53    1    1    1    1    1    1    1    1  1.26965E+17 0.41704 
   54   54    1    1    1    1    1    1    1    1  1.33908E+17 0.60343 
   55   55    1    1    1    1    1    1    1    1  6.49228E+16 0.42809 
   56   56    1    1    1    1    1    1    1    1  8.04787E+16 0.46046 
   57   57    1    1    1    1    1    1    1    1  1.32914E+17 0.39849 
   58   58    1    1    1    1    1    1    1    1  9.95427E+16 0.41860 
   59   59    1    1    1    1    1    1    1    1  1.57214E+17 0.42865 
   60   60    1    1    1    1    1    1    1    1  9.22786E+16 0.42674 
   61   61    1    1    1    1    1    1    1    1  1.29954E+17 0.40224 
   62   62    1    1    1    1    1    1    1    1  8.63349E+16 0.47403 
   63   63    1    1    1    1    1    1    1    1  7.38388E+16 0.42293 
   64   64    1    1    1    1    1    1    1    1  1.62659E+17 0.39948 
   65   65    1    1    1    1    1    1    1    1  1.85402E+17 0.24612 
   66   66    1    1    1    1    1    1    1    1  1.51417E+17 0.24015 
   67   67    1    1    1    1    1    1    1    1  1.98622E+17 0.25560 
   68   68    1    1    1    1    1    1    1    1  1.81256E+17 0.27922 
   69   69    1    1    1    1    1    1    1    1  1.31081E+17 0.20703 
   70   70    1    1    1    1    1    1    1    1  1.30902E+17 0.23771 
   71   71    1    1    1    1    1    1    1    1  1.60088E+17 0.27082 
   72   72    1    1    1    1    1    1    1    1  1.32764E+17 0.20847 
   73   73    1    1    1    1    1    1    1    1  2.10906E+17 0.18562 
   74   74    1    1    1    1    1    1    1    1  1.94182E+17 0.17191 
   75   75    1    1    1    1    1    1    1    1  1.94453E+17 0.16835 
   76   76    1    1    1    1    1    1    1    1  2.46368E+17 0.15300 
   77   77    1    1    1    1    1    1    1    1  2.53434E+17 0.15263 
   78   78    1    1    1    1    1    1    1    1  3.28740E+17 0.13981 
   79   79    1    1    1    1    1    1    1    1  2.99269E+17 0.15596 
   80   80    1    1    1    1    1    1    1    1  3.22223E+17 0.13303 
   81   81    1    1    1    1    1    1    1    1  4.30531E+17 0.14570 
   82   82    1    1    1    1    1    1    1    1  3.83237E+17 0.13125 
   83   83    1    1    1    1    1    1    1    1  5.66628E+17 0.13756 
   84   84    1    1    1    1    1    1    1    1  5.11175E+17 0.12056 
   85   85    1    1    1    1    1    1    1    1  7.08804E+17 0.11516 
   86   86    1    1    1    1    1    1    1    1  5.95342E+17 0.12736 
   87   87    1    1    1    1    1    1    1    1  6.34642E+17 0.12021 
   88   88    1    1    1    1    1    1    1    1  7.09066E+17 0.12325 
   89   89    1    1    1    1    1    1    1    1  8.49860E+17 0.10606 
   90   90    1    1    1    1    1    1    1    1  5.55067E+17 0.18608 
   91   91    1    1    1    1    1    1    1    1  6.95967E+17 0.13252 
   92   92    1    1    1    1    1    1    1    1  7.61744E+17 0.11890 
   93   93    1    1    1    1    1    1    1    1  7.70825E+17 0.07558 
   94   94    1    1    1    1    1    1    1    1  8.47190E+17 0.07846 
   95   95    1    1    1    1    1    1    1    1  1.07211E+18 0.07321 
   96   96    1    1    1    1    1    1    1    1  1.44077E+18 0.04908 
   97   97    1    1    1    1    1    1    1    1  1.82822E+18 0.05379 
   98   98    1    1    1    1    1    1    1    1  1.82699E+18 0.04985 
   99   99    1    1    1    1    1    1    1    1  2.24666E+18 0.04444 
  100  100    1    1    1    1    1    1    1    1  2.50072E+18 0.05843 
  101  101    1    1    1    1    1    1    1    1  2.51910E+18 0.05669 
  102  102    1    1    1    1    1    1    1    1  2.44260E+18 0.05588 
  103  103    1    1    1    1    1    1    1    1  2.68400E+18 0.05259 
  104  104    1    1    1    1    1    1    1    1  3.38399E+18 0.06266 
  105  105    1    1    1    1    1    1    1    1  3.51242E+18 0.03351 
  106  106    1    1    1    1    1    1    1    1  4.47870E+18 0.02844 
  107  107    1    1    1    1    1    1    1    1  4.49577E+18 0.03303 
  108  108    1    1    1    1    1    1    1    1  5.08947E+18 0.02497 
  109  109    1    1    1    1    1    1    1    1  6.42254E+18 0.03875 
