
DETspectrum = [
    1    1    1    1    1    1    1    1    1    1  0.00000E+00 0.00000 
    2    2    1    1    1    1    1    1    1    1  0.00000E+00 0.00000 
    3    3    1    1    1    1    1    1    1    1  0.00000E+00 0.00000 
    4    4    1    1    1    1    1    1    1    1  0.00000E+00 0.00000 
    5    5    1    1    1    1    1    1    1    1  0.00000E+00 0.00000 
    6    6    1    1    1    1    1    1    1    1  0.00000E+00 0.00000 
    7    7    1    1    1    1    1    1    1    1  0.00000E+00 0.00000 
    8    8    1    1    1    1    1    1    1    1  0.00000E+00 0.00000 
    9    9    1    1    1    1    1    1    1    1  0.00000E+00 0.00000 
   10   10    1    1    1    1    1    1    1    1  0.00000E+00 0.00000 
   11   11    1    1    1    1    1    1    1    1  0.00000E+00 0.00000 
   12   12    1    1    1    1    1    1    1    1  0.00000E+00 0.00000 
   13   13    1    1    1    1    1    1    1    1  0.00000E+00 0.00000 
   14   14    1    1    1    1    1    1    1    1  0.00000E+00 0.00000 
   15   15    1    1    1    1    1    1    1    1  0.00000E+00 0.00000 
   16   16    1    1    1    1    1    1    1    1  0.00000E+00 0.00000 
   17   17    1    1    1    1    1    1    1    1  0.00000E+00 0.00000 
   18   18    1    1    1    1    1    1    1    1  0.00000E+00 0.00000 
   19   19    1    1    1    1    1    1    1    1  1.33407E+15 1.00000 
   20   20    1    1    1    1    1    1    1    1  2.29314E+15 0.75100 
   21   21    1    1    1    1    1    1    1    1  0.00000E+00 0.00000 
   22   22    1    1    1    1    1    1    1    1  0.00000E+00 0.00000 
   23   23    1    1    1    1    1    1    1    1  0.00000E+00 0.00000 
   24   24    1    1    1    1    1    1    1    1  5.53847E+15 0.54509 
   25   25    1    1    1    1    1    1    1    1  6.98897E+15 0.52483 
   26   26    1    1    1    1    1    1    1    1  3.73559E+15 0.64603 
   27   27    1    1    1    1    1    1    1    1  1.09960E+16 0.57631 
   28   28    1    1    1    1    1    1    1    1  2.43578E+16 0.43389 
   29   29    1    1    1    1    1    1    1    1  1.56858E+16 0.51663 
   30   30    1    1    1    1    1    1    1    1  5.04230E+16 0.35885 
   31   31    1    1    1    1    1    1    1    1  2.49801E+16 0.39164 
   32   32    1    1    1    1    1    1    1    1  3.49344E+16 0.41876 
   33   33    1    1    1    1    1    1    1    1  2.31123E+16 0.45326 
   34   34    1    1    1    1    1    1    1    1  2.01769E+16 0.50954 
   35   35    1    1    1    1    1    1    1    1  4.18772E+16 0.28638 
   36   36    1    1    1    1    1    1    1    1  4.30921E+16 0.28594 
   37   37    1    1    1    1    1    1    1    1  6.35131E+16 0.27283 
   38   38    1    1    1    1    1    1    1    1  1.03465E+17 0.28904 
   39   39    1    1    1    1    1    1    1    1  9.00856E+16 0.33166 
   40   40    1    1    1    1    1    1    1    1  1.08101E+17 0.42581 
   41   41    1    1    1    1    1    1    1    1  8.85623E+16 0.23225 
   42   42    1    1    1    1    1    1    1    1  1.41795E+17 0.23944 
   43   43    1    1    1    1    1    1    1    1  1.03954E+17 0.26687 
   44   44    1    1    1    1    1    1    1    1  1.03100E+17 0.25112 
   45   45    1    1    1    1    1    1    1    1  9.87904E+16 0.25275 
   46   46    1    1    1    1    1    1    1    1  8.51404E+16 0.35682 
   47   47    1    1    1    1    1    1    1    1  1.22352E+17 0.27905 
   48   48    1    1    1    1    1    1    1    1  6.08385E+16 0.26104 
   49   49    1    1    1    1    1    1    1    1  1.09755E+17 0.28041 
   50   50    1    1    1    1    1    1    1    1  1.73747E+17 0.38802 
   51   51    1    1    1    1    1    1    1    1  1.52134E+17 0.40426 
   52   52    1    1    1    1    1    1    1    1  1.30344E+17 0.38287 
   53   53    1    1    1    1    1    1    1    1  1.64032E+17 0.34064 
   54   54    1    1    1    1    1    1    1    1  1.67582E+17 0.34376 
   55   55    1    1    1    1    1    1    1    1  1.93870E+17 0.36100 
   56   56    1    1    1    1    1    1    1    1  1.69230E+17 0.35099 
   57   57    1    1    1    1    1    1    1    1  5.58191E+16 0.49596 
   58   58    1    1    1    1    1    1    1    1  1.49094E+17 0.38575 
   59   59    1    1    1    1    1    1    1    1  1.14084E+17 0.37912 
   60   60    1    1    1    1    1    1    1    1  2.92495E+17 0.29441 
   61   61    1    1    1    1    1    1    1    1  2.15179E+17 0.32607 
   62   62    1    1    1    1    1    1    1    1  9.92975E+16 0.44143 
   63   63    1    1    1    1    1    1    1    1  2.34863E+17 0.44654 
   64   64    1    1    1    1    1    1    1    1  1.26538E+17 0.38269 
   65   65    1    1    1    1    1    1    1    1  1.87536E+17 0.24279 
   66   66    1    1    1    1    1    1    1    1  1.42997E+17 0.28821 
   67   67    1    1    1    1    1    1    1    1  1.39991E+17 0.27084 
   68   68    1    1    1    1    1    1    1    1  2.04742E+17 0.24448 
   69   69    1    1    1    1    1    1    1    1  1.20367E+17 0.24554 
   70   70    1    1    1    1    1    1    1    1  1.29230E+17 0.20368 
   71   71    1    1    1    1    1    1    1    1  1.40701E+17 0.22513 
   72   72    1    1    1    1    1    1    1    1  1.23341E+17 0.22180 
   73   73    1    1    1    1    1    1    1    1  1.78499E+17 0.21724 
   74   74    1    1    1    1    1    1    1    1  2.08909E+17 0.21313 
   75   75    1    1    1    1    1    1    1    1  2.17030E+17 0.17403 
   76   76    1    1    1    1    1    1    1    1  1.91787E+17 0.14130 
   77   77    1    1    1    1    1    1    1    1  2.33920E+17 0.13926 
   78   78    1    1    1    1    1    1    1    1  2.98706E+17 0.18825 
   79   79    1    1    1    1    1    1    1    1  3.28501E+17 0.16045 
   80   80    1    1    1    1    1    1    1    1  4.21003E+17 0.13210 
   81   81    1    1    1    1    1    1    1    1  3.10380E+17 0.15237 
   82   82    1    1    1    1    1    1    1    1  4.27460E+17 0.13305 
   83   83    1    1    1    1    1    1    1    1  4.83750E+17 0.12816 
   84   84    1    1    1    1    1    1    1    1  5.44451E+17 0.12857 
   85   85    1    1    1    1    1    1    1    1  6.51069E+17 0.12150 
   86   86    1    1    1    1    1    1    1    1  7.12250E+17 0.12067 
   87   87    1    1    1    1    1    1    1    1  6.18518E+17 0.12893 
   88   88    1    1    1    1    1    1    1    1  6.71111E+17 0.11645 
   89   89    1    1    1    1    1    1    1    1  7.42275E+17 0.12090 
   90   90    1    1    1    1    1    1    1    1  6.22881E+17 0.20120 
   91   91    1    1    1    1    1    1    1    1  8.49269E+17 0.14284 
   92   92    1    1    1    1    1    1    1    1  9.29971E+17 0.11119 
   93   93    1    1    1    1    1    1    1    1  9.64130E+17 0.07044 
   94   94    1    1    1    1    1    1    1    1  8.56275E+17 0.08885 
   95   95    1    1    1    1    1    1    1    1  1.13603E+18 0.07302 
   96   96    1    1    1    1    1    1    1    1  1.47109E+18 0.04894 
   97   97    1    1    1    1    1    1    1    1  1.95409E+18 0.05781 
   98   98    1    1    1    1    1    1    1    1  1.87447E+18 0.04982 
   99   99    1    1    1    1    1    1    1    1  2.32333E+18 0.04292 
  100  100    1    1    1    1    1    1    1    1  2.68820E+18 0.05433 
  101  101    1    1    1    1    1    1    1    1  2.56610E+18 0.05373 
  102  102    1    1    1    1    1    1    1    1  2.44773E+18 0.05527 
  103  103    1    1    1    1    1    1    1    1  2.66662E+18 0.05284 
  104  104    1    1    1    1    1    1    1    1  3.79498E+18 0.05900 
  105  105    1    1    1    1    1    1    1    1  4.01199E+18 0.03400 
  106  106    1    1    1    1    1    1    1    1  4.60747E+18 0.02805 
  107  107    1    1    1    1    1    1    1    1  4.84998E+18 0.02843 
  108  108    1    1    1    1    1    1    1    1  5.53065E+18 0.02358 
  109  109    1    1    1    1    1    1    1    1  6.17939E+18 0.03821 
