
DETspectrum = [
    1    1    1    1    1    1    1    1    1    1  0.00000E+00 0.00000 
    2    2    1    1    1    1    1    1    1    1  0.00000E+00 0.00000 
    3    3    1    1    1    1    1    1    1    1  0.00000E+00 0.00000 
    4    4    1    1    1    1    1    1    1    1  0.00000E+00 0.00000 
    5    5    1    1    1    1    1    1    1    1  0.00000E+00 0.00000 
    6    6    1    1    1    1    1    1    1    1  0.00000E+00 0.00000 
    7    7    1    1    1    1    1    1    1    1  0.00000E+00 0.00000 
    8    8    1    1    1    1    1    1    1    1  0.00000E+00 0.00000 
    9    9    1    1    1    1    1    1    1    1  0.00000E+00 0.00000 
   10   10    1    1    1    1    1    1    1    1  0.00000E+00 0.00000 
   11   11    1    1    1    1    1    1    1    1  0.00000E+00 0.00000 
   12   12    1    1    1    1    1    1    1    1  0.00000E+00 0.00000 
   13   13    1    1    1    1    1    1    1    1  0.00000E+00 0.00000 
   14   14    1    1    1    1    1    1    1    1  0.00000E+00 0.00000 
   15   15    1    1    1    1    1    1    1    1  0.00000E+00 0.00000 
   16   16    1    1    1    1    1    1    1    1  0.00000E+00 0.00000 
   17   17    1    1    1    1    1    1    1    1  0.00000E+00 0.00000 
   18   18    1    1    1    1    1    1    1    1  0.00000E+00 0.00000 
   19   19    1    1    1    1    1    1    1    1  0.00000E+00 0.00000 
   20   20    1    1    1    1    1    1    1    1  5.92951E+14 1.00000 
   21   21    1    1    1    1    1    1    1    1  6.93321E+14 1.00000 
   22   22    1    1    1    1    1    1    1    1  7.63973E+14 1.00000 
   23   23    1    1    1    1    1    1    1    1  0.00000E+00 0.00000 
   24   24    1    1    1    1    1    1    1    1  0.00000E+00 0.00000 
   25   25    1    1    1    1    1    1    1    1  4.83661E+14 1.00000 
   26   26    1    1    1    1    1    1    1    1  7.00142E+15 0.57326 
   27   27    1    1    1    1    1    1    1    1  9.63877E+14 1.00000 
   28   28    1    1    1    1    1    1    1    1  4.23150E+15 0.58242 
   29   29    1    1    1    1    1    1    1    1  6.72136E+15 0.60229 
   30   30    1    1    1    1    1    1    1    1  1.46026E+16 0.55855 
   31   31    1    1    1    1    1    1    1    1  1.20727E+16 0.61301 
   32   32    1    1    1    1    1    1    1    1  8.41720E+15 0.51631 
   33   33    1    1    1    1    1    1    1    1  5.45813E+15 0.71104 
   34   34    1    1    1    1    1    1    1    1  1.14784E+16 0.45513 
   35   35    1    1    1    1    1    1    1    1  8.32709E+15 0.59468 
   36   36    1    1    1    1    1    1    1    1  7.42183E+15 0.54266 
   37   37    1    1    1    1    1    1    1    1  2.23565E+16 0.54975 
   38   38    1    1    1    1    1    1    1    1  2.17155E+16 0.41843 
   39   39    1    1    1    1    1    1    1    1  4.91787E+16 0.54266 
   40   40    1    1    1    1    1    1    1    1  3.66559E+16 0.38607 
   41   41    1    1    1    1    1    1    1    1  1.82481E+16 0.43640 
   42   42    1    1    1    1    1    1    1    1  6.92620E+16 0.30993 
   43   43    1    1    1    1    1    1    1    1  3.05025E+16 0.41207 
   44   44    1    1    1    1    1    1    1    1  2.70737E+16 0.41269 
   45   45    1    1    1    1    1    1    1    1  4.44478E+16 0.38314 
   46   46    1    1    1    1    1    1    1    1  4.20507E+16 0.52263 
   47   47    1    1    1    1    1    1    1    1  6.53456E+16 0.33820 
   48   48    1    1    1    1    1    1    1    1  2.73644E+16 0.59486 
   49   49    1    1    1    1    1    1    1    1  5.94904E+16 0.48401 
   50   50    1    1    1    1    1    1    1    1  4.20061E+16 0.49614 
   51   51    1    1    1    1    1    1    1    1  4.13531E+15 1.00000 
   52   52    1    1    1    1    1    1    1    1  5.58921E+16 0.61149 
   53   53    1    1    1    1    1    1    1    1  3.97035E+16 0.63247 
   54   54    1    1    1    1    1    1    1    1  7.69271E+16 0.49469 
   55   55    1    1    1    1    1    1    1    1  8.59916E+15 0.70618 
   56   56    1    1    1    1    1    1    1    1  9.59606E+16 0.41945 
   57   57    1    1    1    1    1    1    1    1  4.38605E+15 1.00000 
   58   58    1    1    1    1    1    1    1    1  1.23793E+17 0.63488 
   59   59    1    1    1    1    1    1    1    1  7.62642E+16 0.51918 
   60   60    1    1    1    1    1    1    1    1  1.71176E+17 0.50824 
   61   61    1    1    1    1    1    1    1    1  5.25753E+16 0.52869 
   62   62    1    1    1    1    1    1    1    1  2.27074E+16 0.44467 
   63   63    1    1    1    1    1    1    1    1  5.28981E+16 0.53288 
   64   64    1    1    1    1    1    1    1    1  2.78122E+16 0.70472 
   65   65    1    1    1    1    1    1    1    1  7.94776E+16 0.39365 
   66   66    1    1    1    1    1    1    1    1  4.61588E+16 0.40141 
   67   67    1    1    1    1    1    1    1    1  9.64275E+16 0.39136 
   68   68    1    1    1    1    1    1    1    1  1.62003E+16 0.39270 
   69   69    1    1    1    1    1    1    1    1  4.61714E+16 0.32903 
   70   70    1    1    1    1    1    1    1    1  9.70940E+16 0.36076 
   71   71    1    1    1    1    1    1    1    1  6.77383E+16 0.31178 
   72   72    1    1    1    1    1    1    1    1  6.63917E+16 0.27177 
   73   73    1    1    1    1    1    1    1    1  6.84042E+16 0.30271 
   74   74    1    1    1    1    1    1    1    1  7.72283E+16 0.23005 
   75   75    1    1    1    1    1    1    1    1  9.65378E+16 0.19130 
   76   76    1    1    1    1    1    1    1    1  1.24470E+17 0.18846 
   77   77    1    1    1    1    1    1    1    1  9.13130E+16 0.23155 
   78   78    1    1    1    1    1    1    1    1  2.04716E+17 0.18327 
   79   79    1    1    1    1    1    1    1    1  2.00681E+17 0.22044 
   80   80    1    1    1    1    1    1    1    1  2.01592E+17 0.15712 
   81   81    1    1    1    1    1    1    1    1  1.92092E+17 0.16763 
   82   82    1    1    1    1    1    1    1    1  1.72921E+17 0.17277 
   83   83    1    1    1    1    1    1    1    1  3.11488E+17 0.16874 
   84   84    1    1    1    1    1    1    1    1  3.55932E+17 0.15899 
   85   85    1    1    1    1    1    1    1    1  4.91021E+17 0.13793 
   86   86    1    1    1    1    1    1    1    1  5.05670E+17 0.14124 
   87   87    1    1    1    1    1    1    1    1  4.00709E+17 0.15155 
   88   88    1    1    1    1    1    1    1    1  4.54625E+17 0.13881 
   89   89    1    1    1    1    1    1    1    1  4.38614E+17 0.14859 
   90   90    1    1    1    1    1    1    1    1  3.49230E+17 0.25971 
   91   91    1    1    1    1    1    1    1    1  4.74763E+17 0.20217 
   92   92    1    1    1    1    1    1    1    1  6.27863E+17 0.13249 
   93   93    1    1    1    1    1    1    1    1  5.28263E+17 0.08507 
   94   94    1    1    1    1    1    1    1    1  5.05562E+17 0.11473 
   95   95    1    1    1    1    1    1    1    1  6.66681E+17 0.10470 
   96   96    1    1    1    1    1    1    1    1  9.65929E+17 0.05849 
   97   97    1    1    1    1    1    1    1    1  1.29663E+18 0.06984 
   98   98    1    1    1    1    1    1    1    1  1.20996E+18 0.05741 
   99   99    1    1    1    1    1    1    1    1  1.51645E+18 0.05062 
  100  100    1    1    1    1    1    1    1    1  1.79103E+18 0.06373 
  101  101    1    1    1    1    1    1    1    1  1.82691E+18 0.06446 
  102  102    1    1    1    1    1    1    1    1  1.64591E+18 0.06011 
  103  103    1    1    1    1    1    1    1    1  1.78802E+18 0.06235 
  104  104    1    1    1    1    1    1    1    1  1.83944E+18 0.07553 
  105  105    1    1    1    1    1    1    1    1  2.75129E+18 0.03648 
  106  106    1    1    1    1    1    1    1    1  3.29329E+18 0.03442 
  107  107    1    1    1    1    1    1    1    1  3.51509E+18 0.03594 
  108  108    1    1    1    1    1    1    1    1  4.07862E+18 0.02689 
  109  109    1    1    1    1    1    1    1    1  4.75242E+18 0.04373 
