
DETspectrum = [
    1    1    1    1    1    1    1    1    1    1  0.00000E+00 0.00000 
    2    2    1    1    1    1    1    1    1    1  0.00000E+00 0.00000 
    3    3    1    1    1    1    1    1    1    1  0.00000E+00 0.00000 
    4    4    1    1    1    1    1    1    1    1  0.00000E+00 0.00000 
    5    5    1    1    1    1    1    1    1    1  0.00000E+00 0.00000 
    6    6    1    1    1    1    1    1    1    1  0.00000E+00 0.00000 
    7    7    1    1    1    1    1    1    1    1  0.00000E+00 0.00000 
    8    8    1    1    1    1    1    1    1    1  0.00000E+00 0.00000 
    9    9    1    1    1    1    1    1    1    1  0.00000E+00 0.00000 
   10   10    1    1    1    1    1    1    1    1  0.00000E+00 0.00000 
   11   11    1    1    1    1    1    1    1    1  0.00000E+00 0.00000 
   12   12    1    1    1    1    1    1    1    1  0.00000E+00 0.00000 
   13   13    1    1    1    1    1    1    1    1  0.00000E+00 0.00000 
   14   14    1    1    1    1    1    1    1    1  0.00000E+00 0.00000 
   15   15    1    1    1    1    1    1    1    1  0.00000E+00 0.00000 
   16   16    1    1    1    1    1    1    1    1  0.00000E+00 0.00000 
   17   17    1    1    1    1    1    1    1    1  0.00000E+00 0.00000 
   18   18    1    1    1    1    1    1    1    1  0.00000E+00 0.00000 
   19   19    1    1    1    1    1    1    1    1  0.00000E+00 0.00000 
   20   20    1    1    1    1    1    1    1    1  0.00000E+00 0.00000 
   21   21    1    1    1    1    1    1    1    1  6.15523E+14 1.00000 
   22   22    1    1    1    1    1    1    1    1  0.00000E+00 0.00000 
   23   23    1    1    1    1    1    1    1    1  0.00000E+00 0.00000 
   24   24    1    1    1    1    1    1    1    1  0.00000E+00 0.00000 
   25   25    1    1    1    1    1    1    1    1  0.00000E+00 0.00000 
   26   26    1    1    1    1    1    1    1    1  0.00000E+00 0.00000 
   27   27    1    1    1    1    1    1    1    1  0.00000E+00 0.00000 
   28   28    1    1    1    1    1    1    1    1  1.39498E+15 1.00000 
   29   29    1    1    1    1    1    1    1    1  0.00000E+00 0.00000 
   30   30    1    1    1    1    1    1    1    1  9.16300E+15 1.00000 
   31   31    1    1    1    1    1    1    1    1  9.80334E+15 0.95120 
   32   32    1    1    1    1    1    1    1    1  8.20806E+15 0.67349 
   33   33    1    1    1    1    1    1    1    1  3.73713E+15 0.86021 
   34   34    1    1    1    1    1    1    1    1  0.00000E+00 0.00000 
   35   35    1    1    1    1    1    1    1    1  6.42924E+15 0.72352 
   36   36    1    1    1    1    1    1    1    1  5.65391E+15 0.93509 
   37   37    1    1    1    1    1    1    1    1  6.58829E+15 0.63907 
   38   38    1    1    1    1    1    1    1    1  2.43698E+16 0.62025 
   39   39    1    1    1    1    1    1    1    1  3.69955E+16 0.58102 
   40   40    1    1    1    1    1    1    1    1  1.45960E+16 0.61631 
   41   41    1    1    1    1    1    1    1    1  1.30811E+16 0.46959 
   42   42    1    1    1    1    1    1    1    1  6.23097E+15 0.62565 
   43   43    1    1    1    1    1    1    1    1  1.64636E+16 0.47111 
   44   44    1    1    1    1    1    1    1    1  2.63265E+16 0.38199 
   45   45    1    1    1    1    1    1    1    1  2.45907E+16 0.42994 
   46   46    1    1    1    1    1    1    1    1  2.98196E+16 0.47858 
   47   47    1    1    1    1    1    1    1    1  1.76143E+16 0.56294 
   48   48    1    1    1    1    1    1    1    1  6.36719E+15 0.61039 
   49   49    1    1    1    1    1    1    1    1  3.91211E+16 0.49671 
   50   50    1    1    1    1    1    1    1    1  1.24446E+16 0.57575 
   51   51    1    1    1    1    1    1    1    1  1.65180E+16 0.60990 
   52   52    1    1    1    1    1    1    1    1  1.25827E+16 0.74127 
   53   53    1    1    1    1    1    1    1    1  3.61123E+16 0.69885 
   54   54    1    1    1    1    1    1    1    1  8.64868E+15 0.70626 
   55   55    1    1    1    1    1    1    1    1  4.31373E+15 1.00000 
   56   56    1    1    1    1    1    1    1    1  2.23081E+16 0.66519 
   57   57    1    1    1    1    1    1    1    1  8.94192E+15 0.70609 
   58   58    1    1    1    1    1    1    1    1  4.06622E+16 0.55524 
   59   59    1    1    1    1    1    1    1    1  5.24771E+16 0.54081 
   60   60    1    1    1    1    1    1    1    1  1.82510E+16 0.61605 
   61   61    1    1    1    1    1    1    1    1  2.76941E+16 0.40540 
   62   62    1    1    1    1    1    1    1    1  2.35050E+16 0.52774 
   63   63    1    1    1    1    1    1    1    1  2.81383E+16 0.46830 
   64   64    1    1    1    1    1    1    1    1  5.21511E+16 0.41422 
   65   65    1    1    1    1    1    1    1    1  3.75511E+16 0.39327 
   66   66    1    1    1    1    1    1    1    1  3.60882E+16 0.43931 
   67   67    1    1    1    1    1    1    1    1  4.55643E+16 0.40234 
   68   68    1    1    1    1    1    1    1    1  2.33299E+16 0.53227 
   69   69    1    1    1    1    1    1    1    1  3.67947E+16 0.31386 
   70   70    1    1    1    1    1    1    1    1  4.12101E+16 0.33557 
   71   71    1    1    1    1    1    1    1    1  5.01946E+16 0.33578 
   72   72    1    1    1    1    1    1    1    1  3.89755E+16 0.29760 
   73   73    1    1    1    1    1    1    1    1  5.48692E+16 0.29317 
   74   74    1    1    1    1    1    1    1    1  6.47926E+16 0.26210 
   75   75    1    1    1    1    1    1    1    1  7.09187E+16 0.25115 
   76   76    1    1    1    1    1    1    1    1  6.55587E+16 0.22228 
   77   77    1    1    1    1    1    1    1    1  8.97907E+16 0.22605 
   78   78    1    1    1    1    1    1    1    1  1.02167E+17 0.27189 
   79   79    1    1    1    1    1    1    1    1  1.11236E+17 0.25922 
   80   80    1    1    1    1    1    1    1    1  1.05890E+17 0.17760 
   81   81    1    1    1    1    1    1    1    1  1.28867E+17 0.19365 
   82   82    1    1    1    1    1    1    1    1  1.36292E+17 0.18757 
   83   83    1    1    1    1    1    1    1    1  2.41781E+17 0.16245 
   84   84    1    1    1    1    1    1    1    1  2.38570E+17 0.17673 
   85   85    1    1    1    1    1    1    1    1  1.81530E+17 0.19186 
   86   86    1    1    1    1    1    1    1    1  2.79088E+17 0.18604 
   87   87    1    1    1    1    1    1    1    1  3.14969E+17 0.16066 
   88   88    1    1    1    1    1    1    1    1  3.43256E+17 0.19772 
   89   89    1    1    1    1    1    1    1    1  3.35352E+17 0.15967 
   90   90    1    1    1    1    1    1    1    1  3.70032E+17 0.29524 
   91   91    1    1    1    1    1    1    1    1  3.18978E+17 0.21041 
   92   92    1    1    1    1    1    1    1    1  3.43434E+17 0.17051 
   93   93    1    1    1    1    1    1    1    1  4.02552E+17 0.11021 
   94   94    1    1    1    1    1    1    1    1  3.84721E+17 0.12673 
   95   95    1    1    1    1    1    1    1    1  4.07846E+17 0.12144 
   96   96    1    1    1    1    1    1    1    1  6.05040E+17 0.06651 
   97   97    1    1    1    1    1    1    1    1  1.00402E+18 0.07888 
   98   98    1    1    1    1    1    1    1    1  8.55646E+17 0.06527 
   99   99    1    1    1    1    1    1    1    1  1.03107E+18 0.05878 
  100  100    1    1    1    1    1    1    1    1  1.34657E+18 0.07186 
  101  101    1    1    1    1    1    1    1    1  1.25510E+18 0.07963 
  102  102    1    1    1    1    1    1    1    1  1.35559E+18 0.06885 
  103  103    1    1    1    1    1    1    1    1  1.34767E+18 0.06556 
  104  104    1    1    1    1    1    1    1    1  1.88697E+18 0.07629 
  105  105    1    1    1    1    1    1    1    1  2.14114E+18 0.04335 
  106  106    1    1    1    1    1    1    1    1  2.72353E+18 0.03707 
  107  107    1    1    1    1    1    1    1    1  3.02427E+18 0.03664 
  108  108    1    1    1    1    1    1    1    1  3.28685E+18 0.03222 
  109  109    1    1    1    1    1    1    1    1  3.99903E+18 0.04430 
