
DETspectrum = [
    1    1    1    1    1    1    1    1    1    1  0.00000E+00 0.00000 
    2    2    1    1    1    1    1    1    1    1  0.00000E+00 0.00000 
    3    3    1    1    1    1    1    1    1    1  0.00000E+00 0.00000 
    4    4    1    1    1    1    1    1    1    1  0.00000E+00 0.00000 
    5    5    1    1    1    1    1    1    1    1  0.00000E+00 0.00000 
    6    6    1    1    1    1    1    1    1    1  0.00000E+00 0.00000 
    7    7    1    1    1    1    1    1    1    1  0.00000E+00 0.00000 
    8    8    1    1    1    1    1    1    1    1  0.00000E+00 0.00000 
    9    9    1    1    1    1    1    1    1    1  0.00000E+00 0.00000 
   10   10    1    1    1    1    1    1    1    1  0.00000E+00 0.00000 
   11   11    1    1    1    1    1    1    1    1  0.00000E+00 0.00000 
   12   12    1    1    1    1    1    1    1    1  0.00000E+00 0.00000 
   13   13    1    1    1    1    1    1    1    1  0.00000E+00 0.00000 
   14   14    1    1    1    1    1    1    1    1  0.00000E+00 0.00000 
   15   15    1    1    1    1    1    1    1    1  0.00000E+00 0.00000 
   16   16    1    1    1    1    1    1    1    1  0.00000E+00 0.00000 
   17   17    1    1    1    1    1    1    1    1  0.00000E+00 0.00000 
   18   18    1    1    1    1    1    1    1    1  0.00000E+00 0.00000 
   19   19    1    1    1    1    1    1    1    1  0.00000E+00 0.00000 
   20   20    1    1    1    1    1    1    1    1  0.00000E+00 0.00000 
   21   21    1    1    1    1    1    1    1    1  0.00000E+00 0.00000 
   22   22    1    1    1    1    1    1    1    1  0.00000E+00 0.00000 
   23   23    1    1    1    1    1    1    1    1  0.00000E+00 0.00000 
   24   24    1    1    1    1    1    1    1    1  1.19430E+15 0.62040 
   25   25    1    1    1    1    1    1    1    1  8.25278E+15 0.50682 
   26   26    1    1    1    1    1    1    1    1  1.95583E+15 0.51332 
   27   27    1    1    1    1    1    1    1    1  0.00000E+00 0.00000 
   28   28    1    1    1    1    1    1    1    1  9.51847E+15 0.70218 
   29   29    1    1    1    1    1    1    1    1  1.42046E+16 0.47645 
   30   30    1    1    1    1    1    1    1    1  8.73892E+15 0.48034 
   31   31    1    1    1    1    1    1    1    1  2.78948E+16 0.50257 
   32   32    1    1    1    1    1    1    1    1  4.31709E+16 0.37796 
   33   33    1    1    1    1    1    1    1    1  2.49513E+16 0.59271 
   34   34    1    1    1    1    1    1    1    1  3.86313E+16 0.35707 
   35   35    1    1    1    1    1    1    1    1  1.72350E+16 0.38404 
   36   36    1    1    1    1    1    1    1    1  3.18791E+16 0.38527 
   37   37    1    1    1    1    1    1    1    1  3.76449E+16 0.29786 
   38   38    1    1    1    1    1    1    1    1  5.12368E+16 0.33690 
   39   39    1    1    1    1    1    1    1    1  5.80386E+16 0.39243 
   40   40    1    1    1    1    1    1    1    1  6.88511E+16 0.35743 
   41   41    1    1    1    1    1    1    1    1  4.40936E+16 0.35166 
   42   42    1    1    1    1    1    1    1    1  6.12753E+16 0.25796 
   43   43    1    1    1    1    1    1    1    1  6.37675E+16 0.26878 
   44   44    1    1    1    1    1    1    1    1  8.70588E+16 0.24737 
   45   45    1    1    1    1    1    1    1    1  7.33698E+16 0.26861 
   46   46    1    1    1    1    1    1    1    1  8.59786E+16 0.33680 
   47   47    1    1    1    1    1    1    1    1  1.18065E+17 0.28937 
   48   48    1    1    1    1    1    1    1    1  9.99688E+16 0.32886 
   49   49    1    1    1    1    1    1    1    1  1.01738E+17 0.33034 
   50   50    1    1    1    1    1    1    1    1  8.71654E+16 0.50316 
   51   51    1    1    1    1    1    1    1    1  6.42565E+16 0.53913 
   52   52    1    1    1    1    1    1    1    1  3.62824E+16 0.68158 
   53   53    1    1    1    1    1    1    1    1  1.79101E+17 0.35256 
   54   54    1    1    1    1    1    1    1    1  7.09114E+16 0.51783 
   55   55    1    1    1    1    1    1    1    1  1.20646E+17 0.47164 
   56   56    1    1    1    1    1    1    1    1  1.18701E+17 0.40246 
   57   57    1    1    1    1    1    1    1    1  1.57003E+17 0.43955 
   58   58    1    1    1    1    1    1    1    1  1.60112E+17 0.34808 
   59   59    1    1    1    1    1    1    1    1  1.86766E+17 0.32987 
   60   60    1    1    1    1    1    1    1    1  7.45615E+16 0.51738 
   61   61    1    1    1    1    1    1    1    1  6.10276E+16 0.60887 
   62   62    1    1    1    1    1    1    1    1  1.80146E+17 0.41457 
   63   63    1    1    1    1    1    1    1    1  9.50513E+16 0.50254 
   64   64    1    1    1    1    1    1    1    1  1.00165E+17 0.46708 
   65   65    1    1    1    1    1    1    1    1  1.28278E+17 0.34461 
   66   66    1    1    1    1    1    1    1    1  1.03474E+17 0.32753 
   67   67    1    1    1    1    1    1    1    1  1.05241E+17 0.32529 
   68   68    1    1    1    1    1    1    1    1  1.48340E+17 0.29417 
   69   69    1    1    1    1    1    1    1    1  1.50215E+17 0.20438 
   70   70    1    1    1    1    1    1    1    1  1.54461E+17 0.25057 
   71   71    1    1    1    1    1    1    1    1  1.34928E+17 0.23494 
   72   72    1    1    1    1    1    1    1    1  1.76041E+17 0.20795 
   73   73    1    1    1    1    1    1    1    1  2.13313E+17 0.19882 
   74   74    1    1    1    1    1    1    1    1  2.24383E+17 0.15655 
   75   75    1    1    1    1    1    1    1    1  1.75049E+17 0.19225 
   76   76    1    1    1    1    1    1    1    1  2.07534E+17 0.19914 
   77   77    1    1    1    1    1    1    1    1  1.90802E+17 0.16451 
   78   78    1    1    1    1    1    1    1    1  2.77478E+17 0.14489 
   79   79    1    1    1    1    1    1    1    1  2.64524E+17 0.16583 
   80   80    1    1    1    1    1    1    1    1  3.60480E+17 0.13269 
   81   81    1    1    1    1    1    1    1    1  3.21956E+17 0.13743 
   82   82    1    1    1    1    1    1    1    1  3.92470E+17 0.12666 
   83   83    1    1    1    1    1    1    1    1  4.16599E+17 0.14029 
   84   84    1    1    1    1    1    1    1    1  5.24024E+17 0.15433 
   85   85    1    1    1    1    1    1    1    1  5.28339E+17 0.12622 
   86   86    1    1    1    1    1    1    1    1  5.49758E+17 0.12664 
   87   87    1    1    1    1    1    1    1    1  5.79276E+17 0.12782 
   88   88    1    1    1    1    1    1    1    1  6.41780E+17 0.11654 
   89   89    1    1    1    1    1    1    1    1  5.95112E+17 0.13659 
   90   90    1    1    1    1    1    1    1    1  5.00434E+17 0.20399 
   91   91    1    1    1    1    1    1    1    1  7.69221E+17 0.15167 
   92   92    1    1    1    1    1    1    1    1  6.18381E+17 0.12104 
   93   93    1    1    1    1    1    1    1    1  7.72316E+17 0.08140 
   94   94    1    1    1    1    1    1    1    1  8.81755E+17 0.08659 
   95   95    1    1    1    1    1    1    1    1  9.92489E+17 0.08506 
   96   96    1    1    1    1    1    1    1    1  1.27028E+18 0.05398 
   97   97    1    1    1    1    1    1    1    1  1.71844E+18 0.06246 
   98   98    1    1    1    1    1    1    1    1  1.63937E+18 0.05248 
   99   99    1    1    1    1    1    1    1    1  2.01257E+18 0.04523 
  100  100    1    1    1    1    1    1    1    1  2.39031E+18 0.06360 
  101  101    1    1    1    1    1    1    1    1  2.45686E+18 0.05969 
  102  102    1    1    1    1    1    1    1    1  2.15490E+18 0.05939 
  103  103    1    1    1    1    1    1    1    1  2.20059E+18 0.05773 
  104  104    1    1    1    1    1    1    1    1  3.05564E+18 0.06032 
  105  105    1    1    1    1    1    1    1    1  3.23700E+18 0.03778 
  106  106    1    1    1    1    1    1    1    1  4.11650E+18 0.03084 
  107  107    1    1    1    1    1    1    1    1  4.59431E+18 0.03231 
  108  108    1    1    1    1    1    1    1    1  4.92027E+18 0.02493 
  109  109    1    1    1    1    1    1    1    1  6.14561E+18 0.03942 
