
DETspectrum = [
    1    1    1    1    1    1    1    1    1    1  0.00000E+00 0.00000 
    2    2    1    1    1    1    1    1    1    1  0.00000E+00 0.00000 
    3    3    1    1    1    1    1    1    1    1  0.00000E+00 0.00000 
    4    4    1    1    1    1    1    1    1    1  0.00000E+00 0.00000 
    5    5    1    1    1    1    1    1    1    1  0.00000E+00 0.00000 
    6    6    1    1    1    1    1    1    1    1  0.00000E+00 0.00000 
    7    7    1    1    1    1    1    1    1    1  0.00000E+00 0.00000 
    8    8    1    1    1    1    1    1    1    1  0.00000E+00 0.00000 
    9    9    1    1    1    1    1    1    1    1  0.00000E+00 0.00000 
   10   10    1    1    1    1    1    1    1    1  0.00000E+00 0.00000 
   11   11    1    1    1    1    1    1    1    1  0.00000E+00 0.00000 
   12   12    1    1    1    1    1    1    1    1  0.00000E+00 0.00000 
   13   13    1    1    1    1    1    1    1    1  0.00000E+00 0.00000 
   14   14    1    1    1    1    1    1    1    1  0.00000E+00 0.00000 
   15   15    1    1    1    1    1    1    1    1  0.00000E+00 0.00000 
   16   16    1    1    1    1    1    1    1    1  0.00000E+00 0.00000 
   17   17    1    1    1    1    1    1    1    1  0.00000E+00 0.00000 
   18   18    1    1    1    1    1    1    1    1  0.00000E+00 0.00000 
   19   19    1    1    1    1    1    1    1    1  0.00000E+00 0.00000 
   20   20    1    1    1    1    1    1    1    1  0.00000E+00 0.00000 
   21   21    1    1    1    1    1    1    1    1  0.00000E+00 0.00000 
   22   22    1    1    1    1    1    1    1    1  0.00000E+00 0.00000 
   23   23    1    1    1    1    1    1    1    1  4.91599E+14 1.00000 
   24   24    1    1    1    1    1    1    1    1  1.56999E+15 0.63995 
   25   25    1    1    1    1    1    1    1    1  2.35348E+15 0.81862 
   26   26    1    1    1    1    1    1    1    1  1.86531E+15 0.70833 
   27   27    1    1    1    1    1    1    1    1  3.46559E+15 1.00000 
   28   28    1    1    1    1    1    1    1    1  1.17870E+16 0.91142 
   29   29    1    1    1    1    1    1    1    1  2.70237E+15 0.86224 
   30   30    1    1    1    1    1    1    1    1  2.53170E+15 1.00000 
   31   31    1    1    1    1    1    1    1    1  8.70535E+15 0.59906 
   32   32    1    1    1    1    1    1    1    1  5.26108E+14 1.00000 
   33   33    1    1    1    1    1    1    1    1  8.40337E+15 0.67475 
   34   34    1    1    1    1    1    1    1    1  6.08706E+14 1.00000 
   35   35    1    1    1    1    1    1    1    1  1.50141E+16 0.48618 
   36   36    1    1    1    1    1    1    1    1  6.45985E+15 0.60302 
   37   37    1    1    1    1    1    1    1    1  6.56959E+15 0.44016 
   38   38    1    1    1    1    1    1    1    1  2.26754E+16 0.41546 
   39   39    1    1    1    1    1    1    1    1  2.95854E+16 0.53443 
   40   40    1    1    1    1    1    1    1    1  2.31009E+16 0.59746 
   41   41    1    1    1    1    1    1    1    1  1.55974E+16 0.63239 
   42   42    1    1    1    1    1    1    1    1  3.07448E+16 0.43627 
   43   43    1    1    1    1    1    1    1    1  9.47770E+15 0.52478 
   44   44    1    1    1    1    1    1    1    1  4.60209E+16 0.35901 
   45   45    1    1    1    1    1    1    1    1  3.07241E+16 0.33043 
   46   46    1    1    1    1    1    1    1    1  2.58350E+16 0.67152 
   47   47    1    1    1    1    1    1    1    1  1.99941E+16 0.36442 
   48   48    1    1    1    1    1    1    1    1  2.47012E+16 0.45065 
   49   49    1    1    1    1    1    1    1    1  2.43076E+16 0.34154 
   50   50    1    1    1    1    1    1    1    1  2.09200E+16 0.44472 
   51   51    1    1    1    1    1    1    1    1  3.64770E+16 0.67870 
   52   52    1    1    1    1    1    1    1    1  8.33761E+15 0.70633 
   53   53    1    1    1    1    1    1    1    1  2.55395E+16 0.47087 
   54   54    1    1    1    1    1    1    1    1  2.97851E+16 0.42700 
   55   55    1    1    1    1    1    1    1    1  7.02629E+16 0.51190 
   56   56    1    1    1    1    1    1    1    1  2.66908E+16 0.47024 
   57   57    1    1    1    1    1    1    1    1  6.85894E+16 0.47492 
   58   58    1    1    1    1    1    1    1    1  4.98236E+16 0.45466 
   59   59    1    1    1    1    1    1    1    1  1.81343E+16 0.49800 
   60   60    1    1    1    1    1    1    1    1  2.93717E+16 0.86104 
   61   61    1    1    1    1    1    1    1    1  6.58906E+16 0.42294 
   62   62    1    1    1    1    1    1    1    1  7.76543E+16 0.47600 
   63   63    1    1    1    1    1    1    1    1  2.36290E+16 0.59756 
   64   64    1    1    1    1    1    1    1    1  5.31307E+16 0.54587 
   65   65    1    1    1    1    1    1    1    1  4.13786E+16 0.47827 
   66   66    1    1    1    1    1    1    1    1  4.22144E+16 0.32625 
   67   67    1    1    1    1    1    1    1    1  4.48789E+16 0.32910 
   68   68    1    1    1    1    1    1    1    1  4.36915E+16 0.32663 
   69   69    1    1    1    1    1    1    1    1  7.38890E+16 0.21896 
   70   70    1    1    1    1    1    1    1    1  4.60212E+16 0.23952 
   71   71    1    1    1    1    1    1    1    1  5.72494E+16 0.23081 
   72   72    1    1    1    1    1    1    1    1  7.46388E+16 0.40108 
   73   73    1    1    1    1    1    1    1    1  6.14690E+16 0.29185 
   74   74    1    1    1    1    1    1    1    1  8.30676E+16 0.22496 
   75   75    1    1    1    1    1    1    1    1  7.18439E+16 0.20569 
   76   76    1    1    1    1    1    1    1    1  9.43359E+16 0.18935 
   77   77    1    1    1    1    1    1    1    1  8.72738E+16 0.19898 
   78   78    1    1    1    1    1    1    1    1  1.11054E+17 0.18150 
   79   79    1    1    1    1    1    1    1    1  1.43595E+17 0.19083 
   80   80    1    1    1    1    1    1    1    1  1.81230E+17 0.20965 
   81   81    1    1    1    1    1    1    1    1  1.58803E+17 0.18297 
   82   82    1    1    1    1    1    1    1    1  1.98430E+17 0.18159 
   83   83    1    1    1    1    1    1    1    1  1.17486E+17 0.18399 
   84   84    1    1    1    1    1    1    1    1  1.83824E+17 0.20773 
   85   85    1    1    1    1    1    1    1    1  2.78501E+17 0.17143 
   86   86    1    1    1    1    1    1    1    1  3.03930E+17 0.18523 
   87   87    1    1    1    1    1    1    1    1  3.23530E+17 0.15121 
   88   88    1    1    1    1    1    1    1    1  3.15917E+17 0.15771 
   89   89    1    1    1    1    1    1    1    1  4.22220E+17 0.14364 
   90   90    1    1    1    1    1    1    1    1  2.56221E+17 0.30190 
   91   91    1    1    1    1    1    1    1    1  2.57391E+17 0.24224 
   92   92    1    1    1    1    1    1    1    1  3.89724E+17 0.16808 
   93   93    1    1    1    1    1    1    1    1  3.31860E+17 0.11463 
   94   94    1    1    1    1    1    1    1    1  4.82435E+17 0.11268 
   95   95    1    1    1    1    1    1    1    1  4.57938E+17 0.11123 
   96   96    1    1    1    1    1    1    1    1  6.47310E+17 0.06613 
   97   97    1    1    1    1    1    1    1    1  1.11270E+18 0.07415 
   98   98    1    1    1    1    1    1    1    1  9.99456E+17 0.06767 
   99   99    1    1    1    1    1    1    1    1  1.20396E+18 0.05531 
  100  100    1    1    1    1    1    1    1    1  1.44349E+18 0.07074 
  101  101    1    1    1    1    1    1    1    1  1.59661E+18 0.06944 
  102  102    1    1    1    1    1    1    1    1  1.45990E+18 0.06671 
  103  103    1    1    1    1    1    1    1    1  1.53307E+18 0.06703 
  104  104    1    1    1    1    1    1    1    1  1.63356E+18 0.08342 
  105  105    1    1    1    1    1    1    1    1  2.35861E+18 0.04098 
  106  106    1    1    1    1    1    1    1    1  3.10825E+18 0.03567 
  107  107    1    1    1    1    1    1    1    1  3.15178E+18 0.03495 
  108  108    1    1    1    1    1    1    1    1  3.63656E+18 0.02871 
  109  109    1    1    1    1    1    1    1    1  4.65190E+18 0.04532 
