
DETspectrum = [
    1    1    1    1    1    1    1    1    1    1  0.00000E+00 0.00000 
    2    2    1    1    1    1    1    1    1    1  0.00000E+00 0.00000 
    3    3    1    1    1    1    1    1    1    1  0.00000E+00 0.00000 
    4    4    1    1    1    1    1    1    1    1  0.00000E+00 0.00000 
    5    5    1    1    1    1    1    1    1    1  0.00000E+00 0.00000 
    6    6    1    1    1    1    1    1    1    1  0.00000E+00 0.00000 
    7    7    1    1    1    1    1    1    1    1  0.00000E+00 0.00000 
    8    8    1    1    1    1    1    1    1    1  0.00000E+00 0.00000 
    9    9    1    1    1    1    1    1    1    1  0.00000E+00 0.00000 
   10   10    1    1    1    1    1    1    1    1  0.00000E+00 0.00000 
   11   11    1    1    1    1    1    1    1    1  0.00000E+00 0.00000 
   12   12    1    1    1    1    1    1    1    1  0.00000E+00 0.00000 
   13   13    1    1    1    1    1    1    1    1  0.00000E+00 0.00000 
   14   14    1    1    1    1    1    1    1    1  0.00000E+00 0.00000 
   15   15    1    1    1    1    1    1    1    1  0.00000E+00 0.00000 
   16   16    1    1    1    1    1    1    1    1  1.99518E+15 1.00000 
   17   17    1    1    1    1    1    1    1    1  1.72482E+15 1.00000 
   18   18    1    1    1    1    1    1    1    1  0.00000E+00 0.00000 
   19   19    1    1    1    1    1    1    1    1  2.61654E+15 1.00000 
   20   20    1    1    1    1    1    1    1    1  0.00000E+00 0.00000 
   21   21    1    1    1    1    1    1    1    1  1.76185E+15 1.00000 
   22   22    1    1    1    1    1    1    1    1  3.94655E+15 0.70610 
   23   23    1    1    1    1    1    1    1    1  0.00000E+00 0.00000 
   24   24    1    1    1    1    1    1    1    1  1.56426E+15 1.00000 
   25   25    1    1    1    1    1    1    1    1  1.32392E+16 0.65608 
   26   26    1    1    1    1    1    1    1    1  1.07510E+16 0.62937 
   27   27    1    1    1    1    1    1    1    1  6.76032E+15 0.50484 
   28   28    1    1    1    1    1    1    1    1  4.53403E+15 0.53572 
   29   29    1    1    1    1    1    1    1    1  7.04806E+15 0.65279 
   30   30    1    1    1    1    1    1    1    1  2.28621E+16 0.43728 
   31   31    1    1    1    1    1    1    1    1  1.59851E+16 0.46232 
   32   32    1    1    1    1    1    1    1    1  2.60432E+16 0.40743 
   33   33    1    1    1    1    1    1    1    1  2.08746E+16 0.43875 
   34   34    1    1    1    1    1    1    1    1  2.30495E+16 0.48682 
   35   35    1    1    1    1    1    1    1    1  2.94708E+16 0.28212 
   36   36    1    1    1    1    1    1    1    1  4.18289E+16 0.29141 
   37   37    1    1    1    1    1    1    1    1  6.03790E+16 0.26737 
   38   38    1    1    1    1    1    1    1    1  4.50005E+16 0.32982 
   39   39    1    1    1    1    1    1    1    1  2.67579E+16 0.34926 
   40   40    1    1    1    1    1    1    1    1  3.49064E+16 0.49995 
   41   41    1    1    1    1    1    1    1    1  5.03796E+16 0.34541 
   42   42    1    1    1    1    1    1    1    1  5.38937E+16 0.28398 
   43   43    1    1    1    1    1    1    1    1  8.16518E+16 0.24497 
   44   44    1    1    1    1    1    1    1    1  7.24532E+16 0.27496 
   45   45    1    1    1    1    1    1    1    1  1.02800E+17 0.22655 
   46   46    1    1    1    1    1    1    1    1  7.31583E+16 0.38310 
   47   47    1    1    1    1    1    1    1    1  7.93991E+16 0.37598 
   48   48    1    1    1    1    1    1    1    1  8.13471E+16 0.32771 
   49   49    1    1    1    1    1    1    1    1  1.65699E+17 0.24796 
   50   50    1    1    1    1    1    1    1    1  5.26875E+16 0.56486 
   51   51    1    1    1    1    1    1    1    1  1.52309E+17 0.41509 
   52   52    1    1    1    1    1    1    1    1  9.57588E+16 0.43928 
   53   53    1    1    1    1    1    1    1    1  5.74228E+16 0.52440 
   54   54    1    1    1    1    1    1    1    1  1.70915E+17 0.35917 
   55   55    1    1    1    1    1    1    1    1  1.15820E+17 0.52450 
   56   56    1    1    1    1    1    1    1    1  1.25710E+17 0.46947 
   57   57    1    1    1    1    1    1    1    1  1.65744E+17 0.39961 
   58   58    1    1    1    1    1    1    1    1  2.84372E+17 0.30814 
   59   59    1    1    1    1    1    1    1    1  6.32181E+16 0.80015 
   60   60    1    1    1    1    1    1    1    1  1.89188E+17 0.39666 
   61   61    1    1    1    1    1    1    1    1  1.23825E+17 0.40844 
   62   62    1    1    1    1    1    1    1    1  7.17317E+16 0.52018 
   63   63    1    1    1    1    1    1    1    1  1.19043E+17 0.57997 
   64   64    1    1    1    1    1    1    1    1  2.71153E+17 0.33678 
   65   65    1    1    1    1    1    1    1    1  1.54056E+17 0.25743 
   66   66    1    1    1    1    1    1    1    1  1.11569E+17 0.27708 
   67   67    1    1    1    1    1    1    1    1  1.84101E+17 0.23586 
   68   68    1    1    1    1    1    1    1    1  1.98685E+17 0.24462 
   69   69    1    1    1    1    1    1    1    1  1.84590E+17 0.19122 
   70   70    1    1    1    1    1    1    1    1  1.61107E+17 0.21525 
   71   71    1    1    1    1    1    1    1    1  1.60358E+17 0.27956 
   72   72    1    1    1    1    1    1    1    1  1.31467E+17 0.26224 
   73   73    1    1    1    1    1    1    1    1  1.17880E+17 0.34788 
   74   74    1    1    1    1    1    1    1    1  1.60974E+17 0.18662 
   75   75    1    1    1    1    1    1    1    1  1.94236E+17 0.16525 
   76   76    1    1    1    1    1    1    1    1  1.70658E+17 0.16297 
   77   77    1    1    1    1    1    1    1    1  2.19985E+17 0.15444 
   78   78    1    1    1    1    1    1    1    1  2.69411E+17 0.16768 
   79   79    1    1    1    1    1    1    1    1  2.27938E+17 0.21609 
   80   80    1    1    1    1    1    1    1    1  2.65009E+17 0.16841 
   81   81    1    1    1    1    1    1    1    1  3.08679E+17 0.16239 
   82   82    1    1    1    1    1    1    1    1  2.56100E+17 0.15016 
   83   83    1    1    1    1    1    1    1    1  3.86710E+17 0.16298 
   84   84    1    1    1    1    1    1    1    1  4.61032E+17 0.16296 
   85   85    1    1    1    1    1    1    1    1  4.74688E+17 0.13031 
   86   86    1    1    1    1    1    1    1    1  5.42015E+17 0.13226 
   87   87    1    1    1    1    1    1    1    1  4.88082E+17 0.13993 
   88   88    1    1    1    1    1    1    1    1  6.03108E+17 0.13276 
   89   89    1    1    1    1    1    1    1    1  5.65033E+17 0.14539 
   90   90    1    1    1    1    1    1    1    1  5.86509E+17 0.21442 
   91   91    1    1    1    1    1    1    1    1  7.65197E+17 0.15538 
   92   92    1    1    1    1    1    1    1    1  5.87647E+17 0.12216 
   93   93    1    1    1    1    1    1    1    1  6.00231E+17 0.08489 
   94   94    1    1    1    1    1    1    1    1  8.35044E+17 0.09508 
   95   95    1    1    1    1    1    1    1    1  9.20084E+17 0.08127 
   96   96    1    1    1    1    1    1    1    1  1.10694E+18 0.05555 
   97   97    1    1    1    1    1    1    1    1  1.50667E+18 0.06212 
   98   98    1    1    1    1    1    1    1    1  1.43545E+18 0.05477 
   99   99    1    1    1    1    1    1    1    1  1.79419E+18 0.05095 
  100  100    1    1    1    1    1    1    1    1  2.14647E+18 0.05961 
  101  101    1    1    1    1    1    1    1    1  2.15533E+18 0.05773 
  102  102    1    1    1    1    1    1    1    1  1.97820E+18 0.06295 
  103  103    1    1    1    1    1    1    1    1  2.06707E+18 0.05927 
  104  104    1    1    1    1    1    1    1    1  2.91547E+18 0.06207 
  105  105    1    1    1    1    1    1    1    1  3.27636E+18 0.03396 
  106  106    1    1    1    1    1    1    1    1  3.77872E+18 0.03245 
  107  107    1    1    1    1    1    1    1    1  4.21973E+18 0.03287 
  108  108    1    1    1    1    1    1    1    1  4.54630E+18 0.02704 
  109  109    1    1    1    1    1    1    1    1  5.62008E+18 0.03684 
