
DETspectrum = [
    1    1    1    1    1    1    1    1    1    1  0.00000E+00 0.00000 
    2    2    1    1    1    1    1    1    1    1  0.00000E+00 0.00000 
    3    3    1    1    1    1    1    1    1    1  0.00000E+00 0.00000 
    4    4    1    1    1    1    1    1    1    1  0.00000E+00 0.00000 
    5    5    1    1    1    1    1    1    1    1  0.00000E+00 0.00000 
    6    6    1    1    1    1    1    1    1    1  0.00000E+00 0.00000 
    7    7    1    1    1    1    1    1    1    1  0.00000E+00 0.00000 
    8    8    1    1    1    1    1    1    1    1  0.00000E+00 0.00000 
    9    9    1    1    1    1    1    1    1    1  0.00000E+00 0.00000 
   10   10    1    1    1    1    1    1    1    1  0.00000E+00 0.00000 
   11   11    1    1    1    1    1    1    1    1  0.00000E+00 0.00000 
   12   12    1    1    1    1    1    1    1    1  0.00000E+00 0.00000 
   13   13    1    1    1    1    1    1    1    1  0.00000E+00 0.00000 
   14   14    1    1    1    1    1    1    1    1  1.36420E+14 1.00000 
   15   15    1    1    1    1    1    1    1    1  0.00000E+00 0.00000 
   16   16    1    1    1    1    1    1    1    1  0.00000E+00 0.00000 
   17   17    1    1    1    1    1    1    1    1  0.00000E+00 0.00000 
   18   18    1    1    1    1    1    1    1    1  4.19214E+14 1.00000 
   19   19    1    1    1    1    1    1    1    1  0.00000E+00 0.00000 
   20   20    1    1    1    1    1    1    1    1  0.00000E+00 0.00000 
   21   21    1    1    1    1    1    1    1    1  0.00000E+00 0.00000 
   22   22    1    1    1    1    1    1    1    1  0.00000E+00 0.00000 
   23   23    1    1    1    1    1    1    1    1  0.00000E+00 0.00000 
   24   24    1    1    1    1    1    1    1    1  0.00000E+00 0.00000 
   25   25    1    1    1    1    1    1    1    1  1.32644E+15 1.00000 
   26   26    1    1    1    1    1    1    1    1  0.00000E+00 0.00000 
   27   27    1    1    1    1    1    1    1    1  0.00000E+00 0.00000 
   28   28    1    1    1    1    1    1    1    1  1.99744E+15 1.00000 
   29   29    1    1    1    1    1    1    1    1  4.01946E+14 1.00000 
   30   30    1    1    1    1    1    1    1    1  0.00000E+00 0.00000 
   31   31    1    1    1    1    1    1    1    1  1.45059E+15 0.74488 
   32   32    1    1    1    1    1    1    1    1  0.00000E+00 0.00000 
   33   33    1    1    1    1    1    1    1    1  1.01227E+16 0.57722 
   34   34    1    1    1    1    1    1    1    1  1.21295E+15 1.00000 
   35   35    1    1    1    1    1    1    1    1  1.08473E+16 0.53628 
   36   36    1    1    1    1    1    1    1    1  1.19147E+16 0.66758 
   37   37    1    1    1    1    1    1    1    1  1.61947E+16 0.53581 
   38   38    1    1    1    1    1    1    1    1  1.37327E+16 0.61486 
   39   39    1    1    1    1    1    1    1    1  6.44084E+15 0.86049 
   40   40    1    1    1    1    1    1    1    1  2.41258E+16 0.58336 
   41   41    1    1    1    1    1    1    1    1  5.45065E+15 0.71026 
   42   42    1    1    1    1    1    1    1    1  1.22033E+16 0.44311 
   43   43    1    1    1    1    1    1    1    1  1.39802E+16 0.62960 
   44   44    1    1    1    1    1    1    1    1  2.59748E+16 0.54522 
   45   45    1    1    1    1    1    1    1    1  1.52208E+16 0.43062 
   46   46    1    1    1    1    1    1    1    1  2.07936E+16 0.80307 
   47   47    1    1    1    1    1    1    1    1  9.93822E+15 0.86022 
   48   48    1    1    1    1    1    1    1    1  3.02287E+16 0.57179 
   49   49    1    1    1    1    1    1    1    1  1.20473E+16 0.75795 
   50   50    1    1    1    1    1    1    1    1  2.25195E+16 1.00000 
   51   51    1    1    1    1    1    1    1    1  3.09389E+16 0.77953 
   52   52    1    1    1    1    1    1    1    1  3.96484E+16 0.66670 
   53   53    1    1    1    1    1    1    1    1  1.67353E+16 0.70611 
   54   54    1    1    1    1    1    1    1    1  4.17376E+15 1.00000 
   55   55    1    1    1    1    1    1    1    1  0.00000E+00 0.00000 
   56   56    1    1    1    1    1    1    1    1  8.72915E+15 0.70610 
   57   57    1    1    1    1    1    1    1    1  8.69714E+15 0.70614 
   58   58    1    1    1    1    1    1    1    1  1.82154E+16 0.61580 
   59   59    1    1    1    1    1    1    1    1  4.02603E+16 0.52631 
   60   60    1    1    1    1    1    1    1    1  5.12674E+16 0.60168 
   61   61    1    1    1    1    1    1    1    1  4.79667E+16 0.81637 
   62   62    1    1    1    1    1    1    1    1  1.88140E+16 0.61328 
   63   63    1    1    1    1    1    1    1    1  1.42968E+16 0.57578 
   64   64    1    1    1    1    1    1    1    1  9.58491E+15 0.70624 
   65   65    1    1    1    1    1    1    1    1  1.82706E+16 0.63538 
   66   66    1    1    1    1    1    1    1    1  3.99012E+16 0.44250 
   67   67    1    1    1    1    1    1    1    1  2.75634E+16 0.48222 
   68   68    1    1    1    1    1    1    1    1  4.11472E+16 0.46281 
   69   69    1    1    1    1    1    1    1    1  4.35392E+16 0.32939 
   70   70    1    1    1    1    1    1    1    1  5.19972E+16 0.29317 
   71   71    1    1    1    1    1    1    1    1  3.88836E+16 0.43884 
   72   72    1    1    1    1    1    1    1    1  2.88984E+16 0.37775 
   73   73    1    1    1    1    1    1    1    1  6.92057E+16 0.30613 
   74   74    1    1    1    1    1    1    1    1  5.87352E+16 0.24460 
   75   75    1    1    1    1    1    1    1    1  8.11907E+16 0.22157 
   76   76    1    1    1    1    1    1    1    1  7.05437E+16 0.19189 
   77   77    1    1    1    1    1    1    1    1  7.46049E+16 0.21856 
   78   78    1    1    1    1    1    1    1    1  8.68823E+16 0.22351 
   79   79    1    1    1    1    1    1    1    1  1.20139E+17 0.22461 
   80   80    1    1    1    1    1    1    1    1  1.85823E+17 0.21407 
   81   81    1    1    1    1    1    1    1    1  1.58860E+17 0.23456 
   82   82    1    1    1    1    1    1    1    1  1.38137E+17 0.19970 
   83   83    1    1    1    1    1    1    1    1  1.84419E+17 0.25558 
   84   84    1    1    1    1    1    1    1    1  1.67541E+17 0.21337 
   85   85    1    1    1    1    1    1    1    1  1.99786E+17 0.22014 
   86   86    1    1    1    1    1    1    1    1  3.54772E+17 0.19322 
   87   87    1    1    1    1    1    1    1    1  2.91759E+17 0.16206 
   88   88    1    1    1    1    1    1    1    1  2.84817E+17 0.19173 
   89   89    1    1    1    1    1    1    1    1  2.72987E+17 0.18693 
   90   90    1    1    1    1    1    1    1    1  3.13333E+17 0.29061 
   91   91    1    1    1    1    1    1    1    1  2.39222E+17 0.26119 
   92   92    1    1    1    1    1    1    1    1  3.03260E+17 0.18096 
   93   93    1    1    1    1    1    1    1    1  3.51224E+17 0.11182 
   94   94    1    1    1    1    1    1    1    1  2.99873E+17 0.12974 
   95   95    1    1    1    1    1    1    1    1  4.57318E+17 0.10850 
   96   96    1    1    1    1    1    1    1    1  6.16173E+17 0.07123 
   97   97    1    1    1    1    1    1    1    1  8.70925E+17 0.08545 
   98   98    1    1    1    1    1    1    1    1  9.35336E+17 0.06786 
   99   99    1    1    1    1    1    1    1    1  1.05735E+18 0.05701 
  100  100    1    1    1    1    1    1    1    1  1.23586E+18 0.07483 
  101  101    1    1    1    1    1    1    1    1  1.35675E+18 0.07196 
  102  102    1    1    1    1    1    1    1    1  1.34402E+18 0.06922 
  103  103    1    1    1    1    1    1    1    1  1.18484E+18 0.06829 
  104  104    1    1    1    1    1    1    1    1  1.76937E+18 0.08015 
  105  105    1    1    1    1    1    1    1    1  2.02022E+18 0.04673 
  106  106    1    1    1    1    1    1    1    1  2.66867E+18 0.03964 
  107  107    1    1    1    1    1    1    1    1  2.85417E+18 0.03758 
  108  108    1    1    1    1    1    1    1    1  3.17609E+18 0.03039 
  109  109    1    1    1    1    1    1    1    1  3.79976E+18 0.04523 
