
DETspectrum = [
    1    1    1    1    1    1    1    1    1    1  0.00000E+00 0.00000 
    2    2    1    1    1    1    1    1    1    1  0.00000E+00 0.00000 
    3    3    1    1    1    1    1    1    1    1  0.00000E+00 0.00000 
    4    4    1    1    1    1    1    1    1    1  0.00000E+00 0.00000 
    5    5    1    1    1    1    1    1    1    1  0.00000E+00 0.00000 
    6    6    1    1    1    1    1    1    1    1  0.00000E+00 0.00000 
    7    7    1    1    1    1    1    1    1    1  0.00000E+00 0.00000 
    8    8    1    1    1    1    1    1    1    1  0.00000E+00 0.00000 
    9    9    1    1    1    1    1    1    1    1  0.00000E+00 0.00000 
   10   10    1    1    1    1    1    1    1    1  0.00000E+00 0.00000 
   11   11    1    1    1    1    1    1    1    1  0.00000E+00 0.00000 
   12   12    1    1    1    1    1    1    1    1  0.00000E+00 0.00000 
   13   13    1    1    1    1    1    1    1    1  0.00000E+00 0.00000 
   14   14    1    1    1    1    1    1    1    1  0.00000E+00 0.00000 
   15   15    1    1    1    1    1    1    1    1  0.00000E+00 0.00000 
   16   16    1    1    1    1    1    1    1    1  0.00000E+00 0.00000 
   17   17    1    1    1    1    1    1    1    1  0.00000E+00 0.00000 
   18   18    1    1    1    1    1    1    1    1  0.00000E+00 0.00000 
   19   19    1    1    1    1    1    1    1    1  0.00000E+00 0.00000 
   20   20    1    1    1    1    1    1    1    1  0.00000E+00 0.00000 
   21   21    1    1    1    1    1    1    1    1  6.90107E+14 1.00000 
   22   22    1    1    1    1    1    1    1    1  0.00000E+00 0.00000 
   23   23    1    1    1    1    1    1    1    1  1.21716E+15 1.00000 
   24   24    1    1    1    1    1    1    1    1  1.99626E+14 1.00000 
   25   25    1    1    1    1    1    1    1    1  2.35579E+15 0.81813 
   26   26    1    1    1    1    1    1    1    1  8.42618E+14 0.74261 
   27   27    1    1    1    1    1    1    1    1  5.94700E+15 0.55265 
   28   28    1    1    1    1    1    1    1    1  4.57295E+15 0.71414 
   29   29    1    1    1    1    1    1    1    1  5.86407E+15 0.54021 
   30   30    1    1    1    1    1    1    1    1  8.71042E+14 0.70616 
   31   31    1    1    1    1    1    1    1    1  5.68680E+15 0.56013 
   32   32    1    1    1    1    1    1    1    1  2.60214E+15 0.66152 
   33   33    1    1    1    1    1    1    1    1  1.07987E+16 0.66516 
   34   34    1    1    1    1    1    1    1    1  7.04544E+15 0.55771 
   35   35    1    1    1    1    1    1    1    1  5.89935E+15 0.52529 
   36   36    1    1    1    1    1    1    1    1  1.52308E+16 0.48330 
   37   37    1    1    1    1    1    1    1    1  8.69263E+15 0.41945 
   38   38    1    1    1    1    1    1    1    1  1.46842E+16 0.58168 
   39   39    1    1    1    1    1    1    1    1  6.67661E+15 0.86362 
   40   40    1    1    1    1    1    1    1    1  2.65639E+16 0.48502 
   41   41    1    1    1    1    1    1    1    1  1.17854E+16 0.49931 
   42   42    1    1    1    1    1    1    1    1  3.99301E+16 0.48762 
   43   43    1    1    1    1    1    1    1    1  3.37585E+16 0.31911 
   44   44    1    1    1    1    1    1    1    1  4.20252E+16 0.46388 
   45   45    1    1    1    1    1    1    1    1  3.36309E+16 0.34702 
   46   46    1    1    1    1    1    1    1    1  4.66890E+16 0.54129 
   47   47    1    1    1    1    1    1    1    1  1.77983E+16 0.54352 
   48   48    1    1    1    1    1    1    1    1  3.38209E+16 0.56251 
   49   49    1    1    1    1    1    1    1    1  2.49908E+16 0.49348 
   50   50    1    1    1    1    1    1    1    1  6.73529E+16 0.54899 
   51   51    1    1    1    1    1    1    1    1  9.64204E+16 0.57099 
   52   52    1    1    1    1    1    1    1    1  7.30313E+16 0.49193 
   53   53    1    1    1    1    1    1    1    1  1.07449E+17 0.54531 
   54   54    1    1    1    1    1    1    1    1  5.33372E+16 0.49151 
   55   55    1    1    1    1    1    1    1    1  9.80786E+16 0.46045 
   56   56    1    1    1    1    1    1    1    1  3.89800E+16 0.50728 
   57   57    1    1    1    1    1    1    1    1  6.52098E+16 0.39197 
   58   58    1    1    1    1    1    1    1    1  6.31183E+16 0.57182 
   59   59    1    1    1    1    1    1    1    1  5.26928E+16 0.49429 
   60   60    1    1    1    1    1    1    1    1  3.37338E+16 0.75578 
   61   61    1    1    1    1    1    1    1    1  1.78965E+16 0.60732 
   62   62    1    1    1    1    1    1    1    1  4.10708E+16 0.36550 
   63   63    1    1    1    1    1    1    1    1  4.06007E+16 0.49991 
   64   64    1    1    1    1    1    1    1    1  3.71071E+16 0.39118 
   65   65    1    1    1    1    1    1    1    1  4.90856E+16 0.47362 
   66   66    1    1    1    1    1    1    1    1  7.92983E+16 0.39511 
   67   67    1    1    1    1    1    1    1    1  8.43776E+16 0.54834 
   68   68    1    1    1    1    1    1    1    1  5.81251E+16 0.46920 
   69   69    1    1    1    1    1    1    1    1  6.40159E+16 0.32952 
   70   70    1    1    1    1    1    1    1    1  6.39326E+16 0.30365 
   71   71    1    1    1    1    1    1    1    1  7.53911E+16 0.28497 
   72   72    1    1    1    1    1    1    1    1  4.65900E+16 0.26167 
   73   73    1    1    1    1    1    1    1    1  5.76755E+16 0.26678 
   74   74    1    1    1    1    1    1    1    1  9.01152E+16 0.22989 
   75   75    1    1    1    1    1    1    1    1  1.07060E+17 0.18826 
   76   76    1    1    1    1    1    1    1    1  1.11034E+17 0.27613 
   77   77    1    1    1    1    1    1    1    1  1.42736E+17 0.19310 
   78   78    1    1    1    1    1    1    1    1  1.39306E+17 0.19747 
   79   79    1    1    1    1    1    1    1    1  2.19197E+17 0.18592 
   80   80    1    1    1    1    1    1    1    1  2.47969E+17 0.15811 
   81   81    1    1    1    1    1    1    1    1  2.50892E+17 0.16964 
   82   82    1    1    1    1    1    1    1    1  1.93285E+17 0.16419 
   83   83    1    1    1    1    1    1    1    1  2.32320E+17 0.18767 
   84   84    1    1    1    1    1    1    1    1  2.80981E+17 0.16701 
   85   85    1    1    1    1    1    1    1    1  3.79993E+17 0.14985 
   86   86    1    1    1    1    1    1    1    1  4.27691E+17 0.15948 
   87   87    1    1    1    1    1    1    1    1  3.85647E+17 0.15409 
   88   88    1    1    1    1    1    1    1    1  4.18842E+17 0.13782 
   89   89    1    1    1    1    1    1    1    1  5.04251E+17 0.13729 
   90   90    1    1    1    1    1    1    1    1  4.51444E+17 0.22865 
   91   91    1    1    1    1    1    1    1    1  4.87736E+17 0.15930 
   92   92    1    1    1    1    1    1    1    1  3.52684E+17 0.16224 
   93   93    1    1    1    1    1    1    1    1  4.78499E+17 0.09489 
   94   94    1    1    1    1    1    1    1    1  5.28795E+17 0.09976 
   95   95    1    1    1    1    1    1    1    1  7.08993E+17 0.09405 
   96   96    1    1    1    1    1    1    1    1  9.38205E+17 0.05703 
   97   97    1    1    1    1    1    1    1    1  1.13889E+18 0.07381 
   98   98    1    1    1    1    1    1    1    1  1.15453E+18 0.05584 
   99   99    1    1    1    1    1    1    1    1  1.44061E+18 0.04831 
  100  100    1    1    1    1    1    1    1    1  1.68318E+18 0.07109 
  101  101    1    1    1    1    1    1    1    1  1.88855E+18 0.06331 
  102  102    1    1    1    1    1    1    1    1  1.95464E+18 0.05618 
  103  103    1    1    1    1    1    1    1    1  1.64697E+18 0.06291 
  104  104    1    1    1    1    1    1    1    1  2.10028E+18 0.07966 
  105  105    1    1    1    1    1    1    1    1  2.63390E+18 0.03800 
  106  106    1    1    1    1    1    1    1    1  3.53431E+18 0.03453 
  107  107    1    1    1    1    1    1    1    1  3.67987E+18 0.03709 
  108  108    1    1    1    1    1    1    1    1  4.02889E+18 0.02756 
  109  109    1    1    1    1    1    1    1    1  5.00815E+18 0.04123 
