
DETspectrum = [
    1    1    1    1    1    1    1    1    1    1  0.00000E+00 0.00000 
    2    2    1    1    1    1    1    1    1    1  0.00000E+00 0.00000 
    3    3    1    1    1    1    1    1    1    1  0.00000E+00 0.00000 
    4    4    1    1    1    1    1    1    1    1  0.00000E+00 0.00000 
    5    5    1    1    1    1    1    1    1    1  0.00000E+00 0.00000 
    6    6    1    1    1    1    1    1    1    1  0.00000E+00 0.00000 
    7    7    1    1    1    1    1    1    1    1  0.00000E+00 0.00000 
    8    8    1    1    1    1    1    1    1    1  0.00000E+00 0.00000 
    9    9    1    1    1    1    1    1    1    1  0.00000E+00 0.00000 
   10   10    1    1    1    1    1    1    1    1  0.00000E+00 0.00000 
   11   11    1    1    1    1    1    1    1    1  0.00000E+00 0.00000 
   12   12    1    1    1    1    1    1    1    1  0.00000E+00 0.00000 
   13   13    1    1    1    1    1    1    1    1  0.00000E+00 0.00000 
   14   14    1    1    1    1    1    1    1    1  0.00000E+00 0.00000 
   15   15    1    1    1    1    1    1    1    1  0.00000E+00 0.00000 
   16   16    1    1    1    1    1    1    1    1  0.00000E+00 0.00000 
   17   17    1    1    1    1    1    1    1    1  0.00000E+00 0.00000 
   18   18    1    1    1    1    1    1    1    1  0.00000E+00 0.00000 
   19   19    1    1    1    1    1    1    1    1  0.00000E+00 0.00000 
   20   20    1    1    1    1    1    1    1    1  0.00000E+00 0.00000 
   21   21    1    1    1    1    1    1    1    1  0.00000E+00 0.00000 
   22   22    1    1    1    1    1    1    1    1  0.00000E+00 0.00000 
   23   23    1    1    1    1    1    1    1    1  9.49946E+14 1.00000 
   24   24    1    1    1    1    1    1    1    1  7.14966E+15 0.58476 
   25   25    1    1    1    1    1    1    1    1  0.00000E+00 0.00000 
   26   26    1    1    1    1    1    1    1    1  5.10736E+15 0.72954 
   27   27    1    1    1    1    1    1    1    1  3.45742E+15 0.65812 
   28   28    1    1    1    1    1    1    1    1  1.71449E+16 0.47892 
   29   29    1    1    1    1    1    1    1    1  1.36952E+16 0.46153 
   30   30    1    1    1    1    1    1    1    1  5.63417E+15 0.65551 
   31   31    1    1    1    1    1    1    1    1  1.23810E+16 0.52433 
   32   32    1    1    1    1    1    1    1    1  1.65790E+16 0.44026 
   33   33    1    1    1    1    1    1    1    1  1.28921E+16 0.69369 
   34   34    1    1    1    1    1    1    1    1  1.55202E+16 0.51734 
   35   35    1    1    1    1    1    1    1    1  1.16147E+16 0.48733 
   36   36    1    1    1    1    1    1    1    1  2.17948E+16 0.39946 
   37   37    1    1    1    1    1    1    1    1  1.42857E+16 0.50323 
   38   38    1    1    1    1    1    1    1    1  2.01717E+16 0.36319 
   39   39    1    1    1    1    1    1    1    1  3.58035E+16 0.42800 
   40   40    1    1    1    1    1    1    1    1  4.04472E+16 0.39253 
   41   41    1    1    1    1    1    1    1    1  5.36381E+16 0.31012 
   42   42    1    1    1    1    1    1    1    1  3.97447E+16 0.31985 
   43   43    1    1    1    1    1    1    1    1  6.53600E+16 0.29772 
   44   44    1    1    1    1    1    1    1    1  4.83164E+16 0.31897 
   45   45    1    1    1    1    1    1    1    1  8.02118E+16 0.29816 
   46   46    1    1    1    1    1    1    1    1  4.76229E+16 0.40947 
   47   47    1    1    1    1    1    1    1    1  6.13346E+16 0.36809 
   48   48    1    1    1    1    1    1    1    1  3.19377E+16 0.43578 
   49   49    1    1    1    1    1    1    1    1  5.33063E+16 0.44326 
   50   50    1    1    1    1    1    1    1    1  6.32636E+16 0.53719 
   51   51    1    1    1    1    1    1    1    1  1.24816E+16 0.74373 
   52   52    1    1    1    1    1    1    1    1  4.08136E+15 1.00000 
   53   53    1    1    1    1    1    1    1    1  5.26985E+16 0.65510 
   54   54    1    1    1    1    1    1    1    1  6.13527E+16 0.61724 
   55   55    1    1    1    1    1    1    1    1  1.17080E+17 0.45047 
   56   56    1    1    1    1    1    1    1    1  5.61898E+16 0.62581 
   57   57    1    1    1    1    1    1    1    1  5.51762E+16 0.50512 
   58   58    1    1    1    1    1    1    1    1  5.62873E+16 0.56253 
   59   59    1    1    1    1    1    1    1    1  5.24042E+16 0.65189 
   60   60    1    1    1    1    1    1    1    1  1.16673E+17 0.42799 
   61   61    1    1    1    1    1    1    1    1  3.96037E+16 0.68191 
   62   62    1    1    1    1    1    1    1    1  4.07739E+16 0.52763 
   63   63    1    1    1    1    1    1    1    1  3.22300E+16 0.37477 
   64   64    1    1    1    1    1    1    1    1  2.32044E+16 0.44469 
   65   65    1    1    1    1    1    1    1    1  7.86514E+16 0.33669 
   66   66    1    1    1    1    1    1    1    1  5.21220E+16 0.38468 
   67   67    1    1    1    1    1    1    1    1  1.00897E+17 0.34705 
   68   68    1    1    1    1    1    1    1    1  4.48093E+16 0.35237 
   69   69    1    1    1    1    1    1    1    1  8.99664E+16 0.24767 
   70   70    1    1    1    1    1    1    1    1  1.05747E+17 0.21448 
   71   71    1    1    1    1    1    1    1    1  7.12562E+16 0.25853 
   72   72    1    1    1    1    1    1    1    1  1.64709E+17 0.21512 
   73   73    1    1    1    1    1    1    1    1  1.28175E+17 0.23178 
   74   74    1    1    1    1    1    1    1    1  1.40514E+17 0.20342 
   75   75    1    1    1    1    1    1    1    1  1.39433E+17 0.19830 
   76   76    1    1    1    1    1    1    1    1  1.64333E+17 0.16423 
   77   77    1    1    1    1    1    1    1    1  1.51801E+17 0.17902 
   78   78    1    1    1    1    1    1    1    1  2.76277E+17 0.16661 
   79   79    1    1    1    1    1    1    1    1  2.75173E+17 0.18087 
   80   80    1    1    1    1    1    1    1    1  3.03244E+17 0.14375 
   81   81    1    1    1    1    1    1    1    1  3.27213E+17 0.14148 
   82   82    1    1    1    1    1    1    1    1  2.93327E+17 0.14899 
   83   83    1    1    1    1    1    1    1    1  2.96631E+17 0.15358 
   84   84    1    1    1    1    1    1    1    1  4.06638E+17 0.14497 
   85   85    1    1    1    1    1    1    1    1  5.98724E+17 0.12516 
   86   86    1    1    1    1    1    1    1    1  4.68565E+17 0.16069 
   87   87    1    1    1    1    1    1    1    1  4.65828E+17 0.15531 
   88   88    1    1    1    1    1    1    1    1  4.64230E+17 0.13884 
   89   89    1    1    1    1    1    1    1    1  5.91055E+17 0.13922 
   90   90    1    1    1    1    1    1    1    1  5.67315E+17 0.21944 
   91   91    1    1    1    1    1    1    1    1  4.59089E+17 0.17734 
   92   92    1    1    1    1    1    1    1    1  6.13003E+17 0.12356 
   93   93    1    1    1    1    1    1    1    1  5.54768E+17 0.09823 
   94   94    1    1    1    1    1    1    1    1  5.56777E+17 0.09717 
   95   95    1    1    1    1    1    1    1    1  6.97969E+17 0.08786 
   96   96    1    1    1    1    1    1    1    1  9.64088E+17 0.05256 
   97   97    1    1    1    1    1    1    1    1  1.42995E+18 0.07093 
   98   98    1    1    1    1    1    1    1    1  1.41729E+18 0.05688 
   99   99    1    1    1    1    1    1    1    1  1.68482E+18 0.04367 
  100  100    1    1    1    1    1    1    1    1  1.74536E+18 0.06469 
  101  101    1    1    1    1    1    1    1    1  2.02657E+18 0.06813 
  102  102    1    1    1    1    1    1    1    1  1.97578E+18 0.05584 
  103  103    1    1    1    1    1    1    1    1  1.93447E+18 0.05602 
  104  104    1    1    1    1    1    1    1    1  2.33827E+18 0.07415 
  105  105    1    1    1    1    1    1    1    1  2.89436E+18 0.03709 
  106  106    1    1    1    1    1    1    1    1  3.61471E+18 0.03157 
  107  107    1    1    1    1    1    1    1    1  3.87147E+18 0.03316 
  108  108    1    1    1    1    1    1    1    1  4.31909E+18 0.02714 
  109  109    1    1    1    1    1    1    1    1  5.44966E+18 0.04605 
