
DETspectrum = [
    1    1    1    1    1    1    1    1    1    1  0.00000E+00 0.00000 
    2    2    1    1    1    1    1    1    1    1  0.00000E+00 0.00000 
    3    3    1    1    1    1    1    1    1    1  0.00000E+00 0.00000 
    4    4    1    1    1    1    1    1    1    1  0.00000E+00 0.00000 
    5    5    1    1    1    1    1    1    1    1  0.00000E+00 0.00000 
    6    6    1    1    1    1    1    1    1    1  0.00000E+00 0.00000 
    7    7    1    1    1    1    1    1    1    1  0.00000E+00 0.00000 
    8    8    1    1    1    1    1    1    1    1  0.00000E+00 0.00000 
    9    9    1    1    1    1    1    1    1    1  0.00000E+00 0.00000 
   10   10    1    1    1    1    1    1    1    1  0.00000E+00 0.00000 
   11   11    1    1    1    1    1    1    1    1  0.00000E+00 0.00000 
   12   12    1    1    1    1    1    1    1    1  0.00000E+00 0.00000 
   13   13    1    1    1    1    1    1    1    1  0.00000E+00 0.00000 
   14   14    1    1    1    1    1    1    1    1  0.00000E+00 0.00000 
   15   15    1    1    1    1    1    1    1    1  0.00000E+00 0.00000 
   16   16    1    1    1    1    1    1    1    1  0.00000E+00 0.00000 
   17   17    1    1    1    1    1    1    1    1  0.00000E+00 0.00000 
   18   18    1    1    1    1    1    1    1    1  0.00000E+00 0.00000 
   19   19    1    1    1    1    1    1    1    1  0.00000E+00 0.00000 
   20   20    1    1    1    1    1    1    1    1  4.97436E+14 1.00000 
   21   21    1    1    1    1    1    1    1    1  2.83998E+14 1.00000 
   22   22    1    1    1    1    1    1    1    1  0.00000E+00 0.00000 
   23   23    1    1    1    1    1    1    1    1  2.02369E+15 0.92635 
   24   24    1    1    1    1    1    1    1    1  1.54655E+15 0.79083 
   25   25    1    1    1    1    1    1    1    1  1.22894E+16 0.51609 
   26   26    1    1    1    1    1    1    1    1  1.04257E+16 0.42047 
   27   27    1    1    1    1    1    1    1    1  1.68113E+16 0.37446 
   28   28    1    1    1    1    1    1    1    1  1.83706E+16 0.47629 
   29   29    1    1    1    1    1    1    1    1  1.98280E+16 0.43786 
   30   30    1    1    1    1    1    1    1    1  2.12122E+16 0.40361 
   31   31    1    1    1    1    1    1    1    1  3.13724E+16 0.30192 
   32   32    1    1    1    1    1    1    1    1  5.24362E+16 0.43531 
   33   33    1    1    1    1    1    1    1    1  4.36031E+16 0.44909 
   34   34    1    1    1    1    1    1    1    1  3.09920E+16 0.43202 
   35   35    1    1    1    1    1    1    1    1  3.67130E+16 0.30294 
   36   36    1    1    1    1    1    1    1    1  5.66022E+16 0.30250 
   37   37    1    1    1    1    1    1    1    1  7.05496E+16 0.24541 
   38   38    1    1    1    1    1    1    1    1  7.39246E+16 0.22819 
   39   39    1    1    1    1    1    1    1    1  1.30453E+17 0.22565 
   40   40    1    1    1    1    1    1    1    1  9.45603E+16 0.27075 
   41   41    1    1    1    1    1    1    1    1  1.54549E+17 0.20777 
   42   42    1    1    1    1    1    1    1    1  1.45289E+17 0.21085 
   43   43    1    1    1    1    1    1    1    1  1.56560E+17 0.21099 
   44   44    1    1    1    1    1    1    1    1  1.62601E+17 0.21240 
   45   45    1    1    1    1    1    1    1    1  1.55019E+17 0.21885 
   46   46    1    1    1    1    1    1    1    1  1.36368E+17 0.25776 
   47   47    1    1    1    1    1    1    1    1  1.24302E+17 0.24060 
   48   48    1    1    1    1    1    1    1    1  1.35333E+17 0.33001 
   49   49    1    1    1    1    1    1    1    1  1.70960E+17 0.19922 
   50   50    1    1    1    1    1    1    1    1  2.38153E+17 0.33104 
   51   51    1    1    1    1    1    1    1    1  2.58372E+17 0.28834 
   52   52    1    1    1    1    1    1    1    1  2.83095E+17 0.41083 
   53   53    1    1    1    1    1    1    1    1  2.27282E+17 0.41755 
   54   54    1    1    1    1    1    1    1    1  2.55902E+17 0.26893 
   55   55    1    1    1    1    1    1    1    1  2.82781E+17 0.29214 
   56   56    1    1    1    1    1    1    1    1  2.07777E+17 0.31917 
   57   57    1    1    1    1    1    1    1    1  1.68814E+17 0.31936 
   58   58    1    1    1    1    1    1    1    1  1.87451E+17 0.33009 
   59   59    1    1    1    1    1    1    1    1  1.67978E+17 0.33504 
   60   60    1    1    1    1    1    1    1    1  1.41004E+17 0.38337 
   61   61    1    1    1    1    1    1    1    1  2.79410E+17 0.36313 
   62   62    1    1    1    1    1    1    1    1  2.79729E+17 0.27056 
   63   63    1    1    1    1    1    1    1    1  2.97630E+17 0.28715 
   64   64    1    1    1    1    1    1    1    1  2.50782E+17 0.32637 
   65   65    1    1    1    1    1    1    1    1  1.77435E+17 0.21889 
   66   66    1    1    1    1    1    1    1    1  3.07981E+17 0.18230 
   67   67    1    1    1    1    1    1    1    1  3.27347E+17 0.17914 
   68   68    1    1    1    1    1    1    1    1  2.82425E+17 0.21857 
   69   69    1    1    1    1    1    1    1    1  2.29912E+17 0.17189 
   70   70    1    1    1    1    1    1    1    1  3.22144E+17 0.13898 
   71   71    1    1    1    1    1    1    1    1  2.66538E+17 0.14796 
   72   72    1    1    1    1    1    1    1    1  3.15373E+17 0.15464 
   73   73    1    1    1    1    1    1    1    1  3.81705E+17 0.17299 
   74   74    1    1    1    1    1    1    1    1  3.65781E+17 0.13320 
   75   75    1    1    1    1    1    1    1    1  3.87102E+17 0.13437 
   76   76    1    1    1    1    1    1    1    1  4.14884E+17 0.11854 
   77   77    1    1    1    1    1    1    1    1  5.27001E+17 0.13406 
   78   78    1    1    1    1    1    1    1    1  5.41081E+17 0.13625 
   79   79    1    1    1    1    1    1    1    1  5.64131E+17 0.13768 
   80   80    1    1    1    1    1    1    1    1  5.74898E+17 0.10400 
   81   81    1    1    1    1    1    1    1    1  6.25197E+17 0.11259 
   82   82    1    1    1    1    1    1    1    1  5.85490E+17 0.11746 
   83   83    1    1    1    1    1    1    1    1  6.51447E+17 0.12299 
   84   84    1    1    1    1    1    1    1    1  8.41991E+17 0.10482 
   85   85    1    1    1    1    1    1    1    1  1.07361E+18 0.10479 
   86   86    1    1    1    1    1    1    1    1  1.07766E+18 0.09033 
   87   87    1    1    1    1    1    1    1    1  1.01469E+18 0.10687 
   88   88    1    1    1    1    1    1    1    1  1.03100E+18 0.08994 
   89   89    1    1    1    1    1    1    1    1  1.11444E+18 0.09519 
   90   90    1    1    1    1    1    1    1    1  1.15005E+18 0.14344 
   91   91    1    1    1    1    1    1    1    1  1.24018E+18 0.11825 
   92   92    1    1    1    1    1    1    1    1  9.99905E+17 0.10155 
   93   93    1    1    1    1    1    1    1    1  1.15696E+18 0.06775 
   94   94    1    1    1    1    1    1    1    1  1.03507E+18 0.07614 
   95   95    1    1    1    1    1    1    1    1  1.43858E+18 0.06103 
   96   96    1    1    1    1    1    1    1    1  1.84899E+18 0.04481 
   97   97    1    1    1    1    1    1    1    1  2.11130E+18 0.05540 
   98   98    1    1    1    1    1    1    1    1  2.28106E+18 0.04687 
   99   99    1    1    1    1    1    1    1    1  2.44279E+18 0.04027 
  100  100    1    1    1    1    1    1    1    1  2.52058E+18 0.05366 
  101  101    1    1    1    1    1    1    1    1  2.70664E+18 0.05475 
  102  102    1    1    1    1    1    1    1    1  2.78542E+18 0.05055 
  103  103    1    1    1    1    1    1    1    1  2.46547E+18 0.05291 
  104  104    1    1    1    1    1    1    1    1  3.74991E+18 0.06452 
  105  105    1    1    1    1    1    1    1    1  4.05768E+18 0.03339 
  106  106    1    1    1    1    1    1    1    1  4.90212E+18 0.02980 
  107  107    1    1    1    1    1    1    1    1  5.20868E+18 0.03145 
  108  108    1    1    1    1    1    1    1    1  5.55957E+18 0.02369 
  109  109    1    1    1    1    1    1    1    1  6.97018E+18 0.03632 
