
DETspectrum = [
    1    1    1    1    1    1    1    1    1    1  0.00000E+00 0.00000 
    2    2    1    1    1    1    1    1    1    1  0.00000E+00 0.00000 
    3    3    1    1    1    1    1    1    1    1  0.00000E+00 0.00000 
    4    4    1    1    1    1    1    1    1    1  0.00000E+00 0.00000 
    5    5    1    1    1    1    1    1    1    1  0.00000E+00 0.00000 
    6    6    1    1    1    1    1    1    1    1  0.00000E+00 0.00000 
    7    7    1    1    1    1    1    1    1    1  0.00000E+00 0.00000 
    8    8    1    1    1    1    1    1    1    1  0.00000E+00 0.00000 
    9    9    1    1    1    1    1    1    1    1  0.00000E+00 0.00000 
   10   10    1    1    1    1    1    1    1    1  0.00000E+00 0.00000 
   11   11    1    1    1    1    1    1    1    1  0.00000E+00 0.00000 
   12   12    1    1    1    1    1    1    1    1  0.00000E+00 0.00000 
   13   13    1    1    1    1    1    1    1    1  0.00000E+00 0.00000 
   14   14    1    1    1    1    1    1    1    1  0.00000E+00 0.00000 
   15   15    1    1    1    1    1    1    1    1  0.00000E+00 0.00000 
   16   16    1    1    1    1    1    1    1    1  0.00000E+00 0.00000 
   17   17    1    1    1    1    1    1    1    1  1.50340E+14 1.00000 
   18   18    1    1    1    1    1    1    1    1  0.00000E+00 0.00000 
   19   19    1    1    1    1    1    1    1    1  4.50467E+14 1.00000 
   20   20    1    1    1    1    1    1    1    1  5.24778E+14 1.00000 
   21   21    1    1    1    1    1    1    1    1  3.00389E+14 1.00000 
   22   22    1    1    1    1    1    1    1    1  1.01953E+15 1.00000 
   23   23    1    1    1    1    1    1    1    1  1.07193E+15 0.72177 
   24   24    1    1    1    1    1    1    1    1  6.10215E+14 1.00000 
   25   25    1    1    1    1    1    1    1    1  2.24794E+15 0.53077 
   26   26    1    1    1    1    1    1    1    1  2.57091E+15 0.65370 
   27   27    1    1    1    1    1    1    1    1  7.11597E+15 0.78339 
   28   28    1    1    1    1    1    1    1    1  1.82851E+15 0.82339 
   29   29    1    1    1    1    1    1    1    1  8.20708E+15 0.62240 
   30   30    1    1    1    1    1    1    1    1  8.59539E+15 0.63704 
   31   31    1    1    1    1    1    1    1    1  2.94888E+15 0.70865 
   32   32    1    1    1    1    1    1    1    1  1.31329E+16 0.48805 
   33   33    1    1    1    1    1    1    1    1  9.35013E+15 0.58102 
   34   34    1    1    1    1    1    1    1    1  5.94486E+15 1.00000 
   35   35    1    1    1    1    1    1    1    1  1.90484E+16 0.41681 
   36   36    1    1    1    1    1    1    1    1  1.83329E+16 0.47109 
   37   37    1    1    1    1    1    1    1    1  2.37688E+16 0.47410 
   38   38    1    1    1    1    1    1    1    1  3.39689E+16 0.29504 
   39   39    1    1    1    1    1    1    1    1  2.93436E+16 0.39584 
   40   40    1    1    1    1    1    1    1    1  2.79276E+16 0.53920 
   41   41    1    1    1    1    1    1    1    1  2.85895E+16 0.34644 
   42   42    1    1    1    1    1    1    1    1  4.01051E+16 0.32913 
   43   43    1    1    1    1    1    1    1    1  3.91685E+16 0.37648 
   44   44    1    1    1    1    1    1    1    1  5.68222E+16 0.31541 
   45   45    1    1    1    1    1    1    1    1  4.86836E+16 0.37433 
   46   46    1    1    1    1    1    1    1    1  4.41543E+16 0.50074 
   47   47    1    1    1    1    1    1    1    1  3.46661E+16 0.42013 
   48   48    1    1    1    1    1    1    1    1  4.59325E+16 0.46696 
   49   49    1    1    1    1    1    1    1    1  4.21595E+16 0.42348 
   50   50    1    1    1    1    1    1    1    1  8.52765E+16 0.47480 
   51   51    1    1    1    1    1    1    1    1  3.14460E+16 0.75550 
   52   52    1    1    1    1    1    1    1    1  5.97120E+16 0.56679 
   53   53    1    1    1    1    1    1    1    1  5.63175E+16 0.60618 
   54   54    1    1    1    1    1    1    1    1  4.54796E+16 0.65381 
   55   55    1    1    1    1    1    1    1    1  2.84519E+16 0.86344 
   56   56    1    1    1    1    1    1    1    1  8.73962E+16 0.44906 
   57   57    1    1    1    1    1    1    1    1  1.74763E+16 0.61016 
   58   58    1    1    1    1    1    1    1    1  1.78051E+16 0.49790 
   59   59    1    1    1    1    1    1    1    1  3.84888E+16 0.67989 
   60   60    1    1    1    1    1    1    1    1  7.31302E+16 0.50975 
   61   61    1    1    1    1    1    1    1    1  9.02350E+15 0.70610 
   62   62    1    1    1    1    1    1    1    1  6.27682E+16 0.45596 
   63   63    1    1    1    1    1    1    1    1  1.03397E+17 0.42282 
   64   64    1    1    1    1    1    1    1    1  3.03989E+16 0.86028 
   65   65    1    1    1    1    1    1    1    1  7.67940E+16 0.34890 
   66   66    1    1    1    1    1    1    1    1  5.78218E+16 0.39330 
   67   67    1    1    1    1    1    1    1    1  5.09174E+16 0.41316 
   68   68    1    1    1    1    1    1    1    1  6.38029E+16 0.37287 
   69   69    1    1    1    1    1    1    1    1  9.47823E+16 0.29244 
   70   70    1    1    1    1    1    1    1    1  1.15465E+17 0.26805 
   71   71    1    1    1    1    1    1    1    1  8.67101E+16 0.28774 
   72   72    1    1    1    1    1    1    1    1  1.03716E+17 0.36884 
   73   73    1    1    1    1    1    1    1    1  1.17271E+17 0.24970 
   74   74    1    1    1    1    1    1    1    1  1.15576E+17 0.21003 
   75   75    1    1    1    1    1    1    1    1  1.70301E+17 0.18916 
   76   76    1    1    1    1    1    1    1    1  1.02711E+17 0.20739 
   77   77    1    1    1    1    1    1    1    1  1.33949E+17 0.19508 
   78   78    1    1    1    1    1    1    1    1  1.79495E+17 0.18463 
   79   79    1    1    1    1    1    1    1    1  1.77251E+17 0.19270 
   80   80    1    1    1    1    1    1    1    1  2.47056E+17 0.15075 
   81   81    1    1    1    1    1    1    1    1  1.69645E+17 0.18913 
   82   82    1    1    1    1    1    1    1    1  1.97896E+17 0.17513 
   83   83    1    1    1    1    1    1    1    1  2.31953E+17 0.17844 
   84   84    1    1    1    1    1    1    1    1  3.80341E+17 0.15774 
   85   85    1    1    1    1    1    1    1    1  3.49428E+17 0.13537 
   86   86    1    1    1    1    1    1    1    1  4.16730E+17 0.14762 
   87   87    1    1    1    1    1    1    1    1  4.02576E+17 0.16231 
   88   88    1    1    1    1    1    1    1    1  4.47246E+17 0.14907 
   89   89    1    1    1    1    1    1    1    1  2.91552E+17 0.17679 
   90   90    1    1    1    1    1    1    1    1  4.96368E+17 0.23793 
   91   91    1    1    1    1    1    1    1    1  2.84402E+17 0.21288 
   92   92    1    1    1    1    1    1    1    1  4.46466E+17 0.15938 
   93   93    1    1    1    1    1    1    1    1  4.47051E+17 0.10505 
   94   94    1    1    1    1    1    1    1    1  4.47956E+17 0.11130 
   95   95    1    1    1    1    1    1    1    1  5.86874E+17 0.11357 
   96   96    1    1    1    1    1    1    1    1  8.00382E+17 0.06586 
   97   97    1    1    1    1    1    1    1    1  1.19882E+18 0.07286 
   98   98    1    1    1    1    1    1    1    1  1.20600E+18 0.05949 
   99   99    1    1    1    1    1    1    1    1  1.38529E+18 0.05340 
  100  100    1    1    1    1    1    1    1    1  1.68275E+18 0.06556 
  101  101    1    1    1    1    1    1    1    1  1.70985E+18 0.06396 
  102  102    1    1    1    1    1    1    1    1  1.60617E+18 0.06330 
  103  103    1    1    1    1    1    1    1    1  1.45819E+18 0.06024 
  104  104    1    1    1    1    1    1    1    1  2.14933E+18 0.07597 
  105  105    1    1    1    1    1    1    1    1  2.79862E+18 0.03908 
  106  106    1    1    1    1    1    1    1    1  3.29842E+18 0.03272 
  107  107    1    1    1    1    1    1    1    1  3.35365E+18 0.03032 
  108  108    1    1    1    1    1    1    1    1  3.91145E+18 0.02574 
  109  109    1    1    1    1    1    1    1    1  4.93355E+18 0.04589 
