
DETspectrum = [
    1    1    1    1    1    1    1    1    1    1  0.00000E+00 0.00000 
    2    2    1    1    1    1    1    1    1    1  0.00000E+00 0.00000 
    3    3    1    1    1    1    1    1    1    1  0.00000E+00 0.00000 
    4    4    1    1    1    1    1    1    1    1  0.00000E+00 0.00000 
    5    5    1    1    1    1    1    1    1    1  0.00000E+00 0.00000 
    6    6    1    1    1    1    1    1    1    1  0.00000E+00 0.00000 
    7    7    1    1    1    1    1    1    1    1  0.00000E+00 0.00000 
    8    8    1    1    1    1    1    1    1    1  0.00000E+00 0.00000 
    9    9    1    1    1    1    1    1    1    1  0.00000E+00 0.00000 
   10   10    1    1    1    1    1    1    1    1  0.00000E+00 0.00000 
   11   11    1    1    1    1    1    1    1    1  0.00000E+00 0.00000 
   12   12    1    1    1    1    1    1    1    1  0.00000E+00 0.00000 
   13   13    1    1    1    1    1    1    1    1  0.00000E+00 0.00000 
   14   14    1    1    1    1    1    1    1    1  0.00000E+00 0.00000 
   15   15    1    1    1    1    1    1    1    1  0.00000E+00 0.00000 
   16   16    1    1    1    1    1    1    1    1  0.00000E+00 0.00000 
   17   17    1    1    1    1    1    1    1    1  0.00000E+00 0.00000 
   18   18    1    1    1    1    1    1    1    1  0.00000E+00 0.00000 
   19   19    1    1    1    1    1    1    1    1  0.00000E+00 0.00000 
   20   20    1    1    1    1    1    1    1    1  0.00000E+00 0.00000 
   21   21    1    1    1    1    1    1    1    1  0.00000E+00 0.00000 
   22   22    1    1    1    1    1    1    1    1  0.00000E+00 0.00000 
   23   23    1    1    1    1    1    1    1    1  0.00000E+00 0.00000 
   24   24    1    1    1    1    1    1    1    1  0.00000E+00 0.00000 
   25   25    1    1    1    1    1    1    1    1  0.00000E+00 0.00000 
   26   26    1    1    1    1    1    1    1    1  2.75012E+14 1.00000 
   27   27    1    1    1    1    1    1    1    1  0.00000E+00 0.00000 
   28   28    1    1    1    1    1    1    1    1  0.00000E+00 0.00000 
   29   29    1    1    1    1    1    1    1    1  3.92274E+14 1.00000 
   30   30    1    1    1    1    1    1    1    1  2.90028E+15 0.86322 
   31   31    1    1    1    1    1    1    1    1  4.72358E+14 1.00000 
   32   32    1    1    1    1    1    1    1    1  4.97723E+15 0.71700 
   33   33    1    1    1    1    1    1    1    1  7.68084E+15 0.53422 
   34   34    1    1    1    1    1    1    1    1  4.14945E+15 0.86868 
   35   35    1    1    1    1    1    1    1    1  1.03896E+16 0.56256 
   36   36    1    1    1    1    1    1    1    1  1.95450E+16 0.46445 
   37   37    1    1    1    1    1    1    1    1  1.54748E+16 0.54152 
   38   38    1    1    1    1    1    1    1    1  2.00010E+16 0.33784 
   39   39    1    1    1    1    1    1    1    1  2.42178E+16 0.53061 
   40   40    1    1    1    1    1    1    1    1  3.18215E+16 0.43645 
   41   41    1    1    1    1    1    1    1    1  2.12588E+16 0.44138 
   42   42    1    1    1    1    1    1    1    1  1.69254E+16 0.79529 
   43   43    1    1    1    1    1    1    1    1  2.74146E+16 0.49587 
   44   44    1    1    1    1    1    1    1    1  3.92923E+16 0.33596 
   45   45    1    1    1    1    1    1    1    1  2.83145E+16 0.37967 
   46   46    1    1    1    1    1    1    1    1  3.28769E+16 0.36113 
   47   47    1    1    1    1    1    1    1    1  4.62244E+16 0.46137 
   48   48    1    1    1    1    1    1    1    1  5.80360E+16 0.42338 
   49   49    1    1    1    1    1    1    1    1  4.50752E+16 0.41137 
   50   50    1    1    1    1    1    1    1    1  3.94399E+16 0.63962 
   51   51    1    1    1    1    1    1    1    1  2.96741E+16 0.62667 
   52   52    1    1    1    1    1    1    1    1  1.69539E+16 0.49802 
   53   53    1    1    1    1    1    1    1    1  2.56981E+16 0.71595 
   54   54    1    1    1    1    1    1    1    1  3.36246E+16 0.63803 
   55   55    1    1    1    1    1    1    1    1  3.73533E+16 0.68146 
   56   56    1    1    1    1    1    1    1    1  1.05518E+17 0.48038 
   57   57    1    1    1    1    1    1    1    1  5.50738E+16 0.56143 
   58   58    1    1    1    1    1    1    1    1  1.77403E+16 0.60911 
   59   59    1    1    1    1    1    1    1    1  1.76256E+16 0.60831 
   60   60    1    1    1    1    1    1    1    1  7.80171E+16 0.52070 
   61   61    1    1    1    1    1    1    1    1  4.43109E+16 0.61740 
   62   62    1    1    1    1    1    1    1    1  1.25591E+17 0.53453 
   63   63    1    1    1    1    1    1    1    1  9.14170E+16 0.40238 
   64   64    1    1    1    1    1    1    1    1  2.37141E+16 0.44474 
   65   65    1    1    1    1    1    1    1    1  6.53543E+16 0.34664 
   66   66    1    1    1    1    1    1    1    1  1.11464E+17 0.31830 
   67   67    1    1    1    1    1    1    1    1  4.43492E+16 0.41828 
   68   68    1    1    1    1    1    1    1    1  5.52484E+16 0.36640 
   69   69    1    1    1    1    1    1    1    1  6.96512E+16 0.30544 
   70   70    1    1    1    1    1    1    1    1  7.58842E+16 0.28629 
   71   71    1    1    1    1    1    1    1    1  9.61334E+16 0.30126 
   72   72    1    1    1    1    1    1    1    1  8.48545E+16 0.31691 
   73   73    1    1    1    1    1    1    1    1  7.18895E+16 0.28640 
   74   74    1    1    1    1    1    1    1    1  9.13680E+16 0.26438 
   75   75    1    1    1    1    1    1    1    1  7.95684E+16 0.19041 
   76   76    1    1    1    1    1    1    1    1  6.82403E+16 0.20701 
   77   77    1    1    1    1    1    1    1    1  1.18940E+17 0.19388 
   78   78    1    1    1    1    1    1    1    1  1.61312E+17 0.21729 
   79   79    1    1    1    1    1    1    1    1  1.61228E+17 0.21196 
   80   80    1    1    1    1    1    1    1    1  1.67872E+17 0.15688 
   81   81    1    1    1    1    1    1    1    1  2.24411E+17 0.16732 
   82   82    1    1    1    1    1    1    1    1  2.04469E+17 0.17831 
   83   83    1    1    1    1    1    1    1    1  1.92560E+17 0.18703 
   84   84    1    1    1    1    1    1    1    1  3.83399E+17 0.16166 
   85   85    1    1    1    1    1    1    1    1  2.86227E+17 0.15909 
   86   86    1    1    1    1    1    1    1    1  4.29420E+17 0.15225 
   87   87    1    1    1    1    1    1    1    1  2.73808E+17 0.17870 
   88   88    1    1    1    1    1    1    1    1  3.43849E+17 0.18600 
   89   89    1    1    1    1    1    1    1    1  3.57693E+17 0.18113 
   90   90    1    1    1    1    1    1    1    1  3.66267E+17 0.28717 
   91   91    1    1    1    1    1    1    1    1  3.30740E+17 0.19438 
   92   92    1    1    1    1    1    1    1    1  4.73230E+17 0.16783 
   93   93    1    1    1    1    1    1    1    1  4.19488E+17 0.09976 
   94   94    1    1    1    1    1    1    1    1  5.51706E+17 0.10220 
   95   95    1    1    1    1    1    1    1    1  4.94037E+17 0.09507 
   96   96    1    1    1    1    1    1    1    1  7.94525E+17 0.06402 
   97   97    1    1    1    1    1    1    1    1  1.22174E+18 0.07139 
   98   98    1    1    1    1    1    1    1    1  1.08446E+18 0.05806 
   99   99    1    1    1    1    1    1    1    1  1.35287E+18 0.04894 
  100  100    1    1    1    1    1    1    1    1  1.58622E+18 0.06597 
  101  101    1    1    1    1    1    1    1    1  1.68209E+18 0.06596 
  102  102    1    1    1    1    1    1    1    1  1.77026E+18 0.06151 
  103  103    1    1    1    1    1    1    1    1  1.47984E+18 0.06235 
  104  104    1    1    1    1    1    1    1    1  1.94765E+18 0.07352 
  105  105    1    1    1    1    1    1    1    1  2.43367E+18 0.03776 
  106  106    1    1    1    1    1    1    1    1  2.95283E+18 0.03771 
  107  107    1    1    1    1    1    1    1    1  3.30733E+18 0.03703 
  108  108    1    1    1    1    1    1    1    1  3.76241E+18 0.03075 
  109  109    1    1    1    1    1    1    1    1  4.45806E+18 0.04481 
