
DETspectrum = [
    1    1    1    1    1    1    1    1    1    1  4.46216E-08 0.67436 
    2    2    1    1    1    1    1    1    1    1  1.11992E-06 0.19558 
    3    3    1    1    1    1    1    1    1    1  3.26903E-06 0.25045 
    4    4    1    1    1    1    1    1    1    1  3.23950E-04 0.04734 
    5    5    1    1    1    1    1    1    1    1  3.80169E-04 0.06283 
    6    6    1    1    1    1    1    1    1    1  5.12687E-04 0.04665 
    7    7    1    1    1    1    1    1    1    1  1.07287E-03 0.03593 
    8    8    1    1    1    1    1    1    1    1  4.27469E-03 0.02475 
    9    9    1    1    1    1    1    1    1    1  4.91755E-03 0.02696 
   10   10    1    1    1    1    1    1    1    1  7.39669E-03 0.01922 
   11   11    1    1    1    1    1    1    1    1  1.59141E-02 0.01336 
   12   12    1    1    1    1    1    1    1    1  4.08304E-02 0.00669 
   13   13    1    1    1    1    1    1    1    1  3.70672E-02 0.00784 
   14   14    1    1    1    1    1    1    1    1  1.94445E-01 0.00284 
   15   15    1    1    1    1    1    1    1    1  4.34513E-01 0.00330 
   16   16    1    1    1    1    1    1    1    1  6.73447E-01 0.00240 
   17   17    1    1    1    1    1    1    1    1  1.02295E+00 0.00220 
   18   18    1    1    1    1    1    1    1    1  1.34084E+00 0.00206 
   19   19    1    1    1    1    1    1    1    1  1.67588E+00 0.00205 
   20   20    1    1    1    1    1    1    1    1  1.99536E+00 0.00192 
   21   21    1    1    1    1    1    1    1    1  2.30649E+00 0.00208 
   22   22    1    1    1    1    1    1    1    1  2.58607E+00 0.00194 
   23   23    1    1    1    1    1    1    1    1  2.96787E+00 0.00165 
   24   24    1    1    1    1    1    1    1    1  3.36422E+00 0.00165 
   25   25    1    1    1    1    1    1    1    1  3.59188E+00 0.00164 
   26   26    1    1    1    1    1    1    1    1  3.62819E+00 0.00156 
   27   27    1    1    1    1    1    1    1    1  3.59015E+00 0.00155 
   28   28    1    1    1    1    1    1    1    1  3.46248E+00 0.00153 
   29   29    1    1    1    1    1    1    1    1  3.24695E+00 0.00161 
   30   30    1    1    1    1    1    1    1    1  3.06662E+00 0.00158 
   31   31    1    1    1    1    1    1    1    1  2.84043E+00 0.00165 
   32   32    1    1    1    1    1    1    1    1  2.63821E+00 0.00166 
   33   33    1    1    1    1    1    1    1    1  2.44451E+00 0.00184 
   34   34    1    1    1    1    1    1    1    1  2.27925E+00 0.00170 
   35   35    1    1    1    1    1    1    1    1  2.04818E+00 0.00165 
   36   36    1    1    1    1    1    1    1    1  1.79627E+00 0.00167 
   37   37    1    1    1    1    1    1    1    1  1.60371E+00 0.00177 
   38   38    1    1    1    1    1    1    1    1  1.47057E+00 0.00178 
   39   39    1    1    1    1    1    1    1    1  1.39095E+00 0.00207 
   40   40    1    1    1    1    1    1    1    1  1.34268E+00 0.00199 
   41   41    1    1    1    1    1    1    1    1  1.28971E+00 0.00180 
   42   42    1    1    1    1    1    1    1    1  1.23661E+00 0.00180 
   43   43    1    1    1    1    1    1    1    1  1.19563E+00 0.00199 
   44   44    1    1    1    1    1    1    1    1  1.16595E+00 0.00186 
   45   45    1    1    1    1    1    1    1    1  1.13981E+00 0.00168 
   46   46    1    1    1    1    1    1    1    1  1.11880E+00 0.00229 
   47   47    1    1    1    1    1    1    1    1  1.10896E+00 0.00240 
   48   48    1    1    1    1    1    1    1    1  1.09671E+00 0.00244 
   49   49    1    1    1    1    1    1    1    1  1.07790E+00 0.00227 
   50   50    1    1    1    1    1    1    1    1  1.06662E+00 0.00319 
   51   51    1    1    1    1    1    1    1    1  1.06671E+00 0.00366 
   52   52    1    1    1    1    1    1    1    1  1.06432E+00 0.00381 
   53   53    1    1    1    1    1    1    1    1  1.05776E+00 0.00396 
   54   54    1    1    1    1    1    1    1    1  1.05618E+00 0.00392 
   55   55    1    1    1    1    1    1    1    1  1.06434E+00 0.00358 
   56   56    1    1    1    1    1    1    1    1  1.05832E+00 0.00396 
   57   57    1    1    1    1    1    1    1    1  1.06197E+00 0.00396 
   58   58    1    1    1    1    1    1    1    1  1.05888E+00 0.00384 
   59   59    1    1    1    1    1    1    1    1  1.06424E+00 0.00365 
   60   60    1    1    1    1    1    1    1    1  1.05576E+00 0.00372 
   61   61    1    1    1    1    1    1    1    1  1.06598E+00 0.00369 
   62   62    1    1    1    1    1    1    1    1  1.07098E+00 0.00412 
   63   63    1    1    1    1    1    1    1    1  1.08666E+00 0.00372 
   64   64    1    1    1    1    1    1    1    1  1.09313E+00 0.00344 
   65   65    1    1    1    1    1    1    1    1  1.11152E+00 0.00248 
   66   66    1    1    1    1    1    1    1    1  1.13672E+00 0.00253 
   67   67    1    1    1    1    1    1    1    1  1.16702E+00 0.00242 
   68   68    1    1    1    1    1    1    1    1  1.18011E+00 0.00252 
   69   69    1    1    1    1    1    1    1    1  1.19642E+00 0.00197 
   70   70    1    1    1    1    1    1    1    1  1.19602E+00 0.00199 
   71   71    1    1    1    1    1    1    1    1  1.21437E+00 0.00207 
   72   72    1    1    1    1    1    1    1    1  1.26578E+00 0.00199 
   73   73    1    1    1    1    1    1    1    1  1.28850E+00 0.00201 
   74   74    1    1    1    1    1    1    1    1  1.33926E+00 0.00170 
   75   75    1    1    1    1    1    1    1    1  1.37972E+00 0.00162 
   76   76    1    1    1    1    1    1    1    1  1.37804E+00 0.00172 
   77   77    1    1    1    1    1    1    1    1  1.39858E+00 0.00187 
   78   78    1    1    1    1    1    1    1    1  1.40668E+00 0.00179 
   79   79    1    1    1    1    1    1    1    1  1.40970E+00 0.00205 
   80   80    1    1    1    1    1    1    1    1  1.42086E+00 0.00178 
   81   81    1    1    1    1    1    1    1    1  1.42502E+00 0.00186 
   82   82    1    1    1    1    1    1    1    1  1.42317E+00 0.00172 
   83   83    1    1    1    1    1    1    1    1  1.42172E+00 0.00209 
   84   84    1    1    1    1    1    1    1    1  1.42615E+00 0.00209 
   85   85    1    1    1    1    1    1    1    1  1.39778E+00 0.00189 
   86   86    1    1    1    1    1    1    1    1  1.20410E+00 0.00190 
   87   87    1    1    1    1    1    1    1    1  1.22560E+00 0.00195 
   88   88    1    1    1    1    1    1    1    1  1.49969E+00 0.00189 
   89   89    1    1    1    1    1    1    1    1  1.58369E+00 0.00191 
   90   90    1    1    1    1    1    1    1    1  1.60870E+00 0.00320 
   91   91    1    1    1    1    1    1    1    1  1.61668E+00 0.00259 
   92   92    1    1    1    1    1    1    1    1  1.62355E+00 0.00194 
   93   93    1    1    1    1    1    1    1    1  1.63491E+00 0.00127 
   94   94    1    1    1    1    1    1    1    1  1.64465E+00 0.00146 
   95   95    1    1    1    1    1    1    1    1  1.60929E+00 0.00145 
   96   96    1    1    1    1    1    1    1    1  1.62080E+00 0.00096 
   97   97    1    1    1    1    1    1    1    1  1.72682E+00 0.00156 
   98   98    1    1    1    1    1    1    1    1  1.73245E+00 0.00145 
   99   99    1    1    1    1    1    1    1    1  1.72398E+00 0.00108 
  100  100    1    1    1    1    1    1    1    1  1.76466E+00 0.00149 
  101  101    1    1    1    1    1    1    1    1  1.78580E+00 0.00157 
  102  102    1    1    1    1    1    1    1    1  1.79441E+00 0.00162 
  103  103    1    1    1    1    1    1    1    1  1.79334E+00 0.00167 
  104  104    1    1    1    1    1    1    1    1  1.84279E+00 0.00202 
  105  105    1    1    1    1    1    1    1    1  1.82439E+00 0.00097 
  106  106    1    1    1    1    1    1    1    1  2.03921E+00 0.00099 
  107  107    1    1    1    1    1    1    1    1  2.10723E+00 0.00104 
  108  108    1    1    1    1    1    1    1    1  2.07582E+00 0.00089 
  109  109    1    1    1    1    1    1    1    1  2.18078E+00 0.00139 
