
DETspectrum = [
    1    1    1    1    1    1    1    1    1    1  0.00000E+00 0.00000 
    2    2    1    1    1    1    1    1    1    1  0.00000E+00 0.00000 
    3    3    1    1    1    1    1    1    1    1  0.00000E+00 0.00000 
    4    4    1    1    1    1    1    1    1    1  0.00000E+00 0.00000 
    5    5    1    1    1    1    1    1    1    1  0.00000E+00 0.00000 
    6    6    1    1    1    1    1    1    1    1  0.00000E+00 0.00000 
    7    7    1    1    1    1    1    1    1    1  0.00000E+00 0.00000 
    8    8    1    1    1    1    1    1    1    1  0.00000E+00 0.00000 
    9    9    1    1    1    1    1    1    1    1  0.00000E+00 0.00000 
   10   10    1    1    1    1    1    1    1    1  0.00000E+00 0.00000 
   11   11    1    1    1    1    1    1    1    1  0.00000E+00 0.00000 
   12   12    1    1    1    1    1    1    1    1  0.00000E+00 0.00000 
   13   13    1    1    1    1    1    1    1    1  6.68157E-06 0.49512 
   14   14    1    1    1    1    1    1    1    1  4.88281E-05 0.25365 
   15   15    1    1    1    1    1    1    1    1  1.21391E-04 0.27938 
   16   16    1    1    1    1    1    1    1    1  2.21408E-04 0.15319 
   17   17    1    1    1    1    1    1    1    1  4.61468E-04 0.11715 
   18   18    1    1    1    1    1    1    1    1  8.12782E-04 0.10843 
   19   19    1    1    1    1    1    1    1    1  1.42784E-03 0.09779 
   20   20    1    1    1    1    1    1    1    1  1.88100E-03 0.08517 
   21   21    1    1    1    1    1    1    1    1  2.72609E-03 0.07114 
   22   22    1    1    1    1    1    1    1    1  3.25389E-03 0.07122 
   23   23    1    1    1    1    1    1    1    1  4.74469E-03 0.04905 
   24   24    1    1    1    1    1    1    1    1  7.95602E-03 0.04656 
   25   25    1    1    1    1    1    1    1    1  1.21635E-02 0.03525 
   26   26    1    1    1    1    1    1    1    1  1.75606E-02 0.03241 
   27   27    1    1    1    1    1    1    1    1  2.24648E-02 0.03173 
   28   28    1    1    1    1    1    1    1    1  2.88394E-02 0.03089 
   29   29    1    1    1    1    1    1    1    1  3.56556E-02 0.02550 
   30   30    1    1    1    1    1    1    1    1  4.22740E-02 0.02364 
   31   31    1    1    1    1    1    1    1    1  4.93278E-02 0.02556 
   32   32    1    1    1    1    1    1    1    1  5.73197E-02 0.02187 
   33   33    1    1    1    1    1    1    1    1  6.42586E-02 0.02261 
   34   34    1    1    1    1    1    1    1    1  7.18733E-02 0.02008 
   35   35    1    1    1    1    1    1    1    1  8.12095E-02 0.01824 
   36   36    1    1    1    1    1    1    1    1  9.63259E-02 0.01630 
   37   37    1    1    1    1    1    1    1    1  1.08531E-01 0.01580 
   38   38    1    1    1    1    1    1    1    1  1.21059E-01 0.01392 
   39   39    1    1    1    1    1    1    1    1  1.31486E-01 0.01698 
   40   40    1    1    1    1    1    1    1    1  1.41420E-01 0.01588 
   41   41    1    1    1    1    1    1    1    1  1.50053E-01 0.01512 
   42   42    1    1    1    1    1    1    1    1  1.62443E-01 0.01354 
   43   43    1    1    1    1    1    1    1    1  1.73918E-01 0.01464 
   44   44    1    1    1    1    1    1    1    1  1.88217E-01 0.01560 
   45   45    1    1    1    1    1    1    1    1  1.99221E-01 0.01448 
   46   46    1    1    1    1    1    1    1    1  2.07354E-01 0.01669 
   47   47    1    1    1    1    1    1    1    1  2.12729E-01 0.01524 
   48   48    1    1    1    1    1    1    1    1  2.19056E-01 0.01483 
   49   49    1    1    1    1    1    1    1    1  2.25183E-01 0.01496 
   50   50    1    1    1    1    1    1    1    1  2.30676E-01 0.01993 
   51   51    1    1    1    1    1    1    1    1  2.35768E-01 0.02117 
   52   52    1    1    1    1    1    1    1    1  2.33957E-01 0.02117 
   53   53    1    1    1    1    1    1    1    1  2.34766E-01 0.01869 
   54   54    1    1    1    1    1    1    1    1  2.36540E-01 0.02158 
   55   55    1    1    1    1    1    1    1    1  2.38576E-01 0.02077 
   56   56    1    1    1    1    1    1    1    1  2.41385E-01 0.01886 
   57   57    1    1    1    1    1    1    1    1  2.41238E-01 0.02188 
   58   58    1    1    1    1    1    1    1    1  2.42254E-01 0.02118 
   59   59    1    1    1    1    1    1    1    1  2.50277E-01 0.02003 
   60   60    1    1    1    1    1    1    1    1  2.43601E-01 0.02131 
   61   61    1    1    1    1    1    1    1    1  2.57291E-01 0.01934 
   62   62    1    1    1    1    1    1    1    1  2.54694E-01 0.02046 
   63   63    1    1    1    1    1    1    1    1  2.56273E-01 0.02028 
   64   64    1    1    1    1    1    1    1    1  2.62836E-01 0.01898 
   65   65    1    1    1    1    1    1    1    1  2.67104E-01 0.01646 
   66   66    1    1    1    1    1    1    1    1  2.78485E-01 0.01423 
   67   67    1    1    1    1    1    1    1    1  2.78731E-01 0.01558 
   68   68    1    1    1    1    1    1    1    1  2.87995E-01 0.01411 
   69   69    1    1    1    1    1    1    1    1  2.95957E-01 0.01306 
   70   70    1    1    1    1    1    1    1    1  3.06519E-01 0.01277 
   71   71    1    1    1    1    1    1    1    1  3.14821E-01 0.01304 
   72   72    1    1    1    1    1    1    1    1  3.19372E-01 0.01165 
   73   73    1    1    1    1    1    1    1    1  3.28927E-01 0.01190 
   74   74    1    1    1    1    1    1    1    1  3.38927E-01 0.01074 
   75   75    1    1    1    1    1    1    1    1  3.62691E-01 0.01003 
   76   76    1    1    1    1    1    1    1    1  3.80540E-01 0.00944 
   77   77    1    1    1    1    1    1    1    1  3.90236E-01 0.01030 
   78   78    1    1    1    1    1    1    1    1  3.99379E-01 0.01028 
   79   79    1    1    1    1    1    1    1    1  4.14835E-01 0.01020 
   80   80    1    1    1    1    1    1    1    1  4.16026E-01 0.00927 
   81   81    1    1    1    1    1    1    1    1  4.30170E-01 0.00940 
   82   82    1    1    1    1    1    1    1    1  4.48051E-01 0.00996 
   83   83    1    1    1    1    1    1    1    1  4.55211E-01 0.00975 
   84   84    1    1    1    1    1    1    1    1  4.69872E-01 0.00988 
   85   85    1    1    1    1    1    1    1    1  4.78019E-01 0.00849 
   86   86    1    1    1    1    1    1    1    1  4.87442E-01 0.00942 
   87   87    1    1    1    1    1    1    1    1  4.97911E-01 0.00911 
   88   88    1    1    1    1    1    1    1    1  5.16201E-01 0.00873 
   89   89    1    1    1    1    1    1    1    1  5.31932E-01 0.00844 
   90   90    1    1    1    1    1    1    1    1  5.34086E-01 0.01221 
   91   91    1    1    1    1    1    1    1    1  5.41973E-01 0.00842 
   92   92    1    1    1    1    1    1    1    1  5.48540E-01 0.00870 
   93   93    1    1    1    1    1    1    1    1  5.68429E-01 0.00666 
   94   94    1    1    1    1    1    1    1    1  5.94528E-01 0.00750 
   95   95    1    1    1    1    1    1    1    1  6.18074E-01 0.00658 
   96   96    1    1    1    1    1    1    1    1  6.47703E-01 0.00585 
   97   97    1    1    1    1    1    1    1    1  6.81482E-01 0.00646 
   98   98    1    1    1    1    1    1    1    1  6.95964E-01 0.00592 
   99   99    1    1    1    1    1    1    1    1  7.22149E-01 0.00570 
  100  100    1    1    1    1    1    1    1    1  7.51760E-01 0.00687 
  101  101    1    1    1    1    1    1    1    1  7.57422E-01 0.00666 
  102  102    1    1    1    1    1    1    1    1  7.62351E-01 0.00681 
  103  103    1    1    1    1    1    1    1    1  7.77009E-01 0.00899 
  104  104    1    1    1    1    1    1    1    1  7.82451E-01 0.00812 
  105  105    1    1    1    1    1    1    1    1  7.98264E-01 0.00801 
  106  106    1    1    1    1    1    1    1    1  8.15797E-01 0.00501 
  107  107    1    1    1    1    1    1    1    1  8.53852E-01 0.00505 
  108  108    1    1    1    1    1    1    1    1  8.91997E-01 0.00562 
  109  109    1    1    1    1    1    1    1    1  9.23675E-01 0.00495 
