
DETspectrum = [
    1    1    1    1    1    1    1    1    1    1  4.00348E-03 0.01905 
    2    2    1    1    1    1    1    1    1    1  9.49376E-02 0.01776 
    3    3    1    1    1    1    1    1    1    1  1.27974E-01 0.01531 
    4    4    1    1    1    1    1    1    1    1  1.50664E-01 0.01415 
    5    5    1    1    1    1    1    1    1    1  1.74193E-01 0.01183 
    6    6    1    1    1    1    1    1    1    1  1.96827E-01 0.01361 
    7    7    1    1    1    1    1    1    1    1  2.30370E-01 0.00979 
    8    8    1    1    1    1    1    1    1    1  2.91200E-01 0.00840 
    9    9    1    1    1    1    1    1    1    1  3.58179E-01 0.00778 
   10   10    1    1    1    1    1    1    1    1  4.27862E-01 0.00649 
   11   11    1    1    1    1    1    1    1    1  5.00260E-01 0.00614 
   12   12    1    1    1    1    1    1    1    1  5.74152E-01 0.00580 
   13   13    1    1    1    1    1    1    1    1  6.46946E-01 0.00569 
   14   14    1    1    1    1    1    1    1    1  7.21140E-01 0.00555 
   15   15    1    1    1    1    1    1    1    1  7.98914E-01 0.00506 
   16   16    1    1    1    1    1    1    1    1  8.80932E-01 0.00479 
   17   17    1    1    1    1    1    1    1    1  9.62480E-01 0.00450 
   18   18    1    1    1    1    1    1    1    1  1.03861E+00 0.00415 
   19   19    1    1    1    1    1    1    1    1  1.11646E+00 0.00430 
   20   20    1    1    1    1    1    1    1    1  1.20995E+00 0.00419 
   21   21    1    1    1    1    1    1    1    1  1.26181E+00 0.00400 
   22   22    1    1    1    1    1    1    1    1  1.35229E+00 0.00408 
   23   23    1    1    1    1    1    1    1    1  1.43260E+00 0.00385 
   24   24    1    1    1    1    1    1    1    1  1.52590E+00 0.00382 
   25   25    1    1    1    1    1    1    1    1  1.64121E+00 0.00373 
   26   26    1    1    1    1    1    1    1    1  1.76896E+00 0.00344 
   27   27    1    1    1    1    1    1    1    1  1.91998E+00 0.00350 
   28   28    1    1    1    1    1    1    1    1  2.06750E+00 0.00333 
   29   29    1    1    1    1    1    1    1    1  2.26932E+00 0.00359 
   30   30    1    1    1    1    1    1    1    1  2.55329E+00 0.00354 
   31   31    1    1    1    1    1    1    1    1  2.95902E+00 0.00326 
   32   32    1    1    1    1    1    1    1    1  3.64969E+00 0.00301 
   33   33    1    1    1    1    1    1    1    1  4.69052E+00 0.00307 
   34   34    1    1    1    1    1    1    1    1  5.97851E+00 0.00265 
   35   35    1    1    1    1    1    1    1    1  6.93414E+00 0.00440 
   36   36    1    1    1    1    1    1    1    1  7.36840E+00 0.00386 
   37   37    1    1    1    1    1    1    1    1  7.66755E+00 0.00371 
   38   38    1    1    1    1    1    1    1    1  8.49314E+00 0.00350 
   39   39    1    1    1    1    1    1    1    1  9.39258E+00 0.00388 
   40   40    1    1    1    1    1    1    1    1  1.00952E+01 0.00309 
   41   41    1    1    1    1    1    1    1    1  1.11652E+01 0.00268 
   42   42    1    1    1    1    1    1    1    1  1.17264E+01 0.00317 
   43   43    1    1    1    1    1    1    1    1  1.17661E+01 0.00285 
   44   44    1    1    1    1    1    1    1    1  1.17501E+01 0.00239 
   45   45    1    1    1    1    1    1    1    1  1.11589E+01 0.00232 
   46   46    1    1    1    1    1    1    1    1  9.53108E+00 0.00217 
   47   47    1    1    1    1    1    1    1    1  7.33831E+00 0.00199 
   48   48    1    1    1    1    1    1    1    1  6.02527E+00 0.00258 
   49   49    1    1    1    1    1    1    1    1  5.55873E+00 0.00286 
   50   50    1    1    1    1    1    1    1    1  5.51941E+00 0.00287 
   51   51    1    1    1    1    1    1    1    1  5.65752E+00 0.00283 
   52   52    1    1    1    1    1    1    1    1  6.71165E+00 0.00236 
   53   53    1    1    1    1    1    1    1    1  8.79906E+00 0.00199 
   54   54    1    1    1    1    1    1    1    1  9.16499E+00 0.00201 
   55   55    1    1    1    1    1    1    1    1  1.15377E+01 0.00247 
   56   56    1    1    1    1    1    1    1    1  1.35692E+01 0.00257 
   57   57    1    1    1    1    1    1    1    1  1.53081E+01 0.00188 
   58   58    1    1    1    1    1    1    1    1  1.70101E+01 0.00190 
   59   59    1    1    1    1    1    1    1    1  1.66354E+01 0.00186 
   60   60    1    1    1    1    1    1    1    1  1.72023E+01 0.00217 
   61   61    1    1    1    1    1    1    1    1  1.82818E+01 0.00219 
   62   62    1    1    1    1    1    1    1    1  1.34176E+01 0.00193 
   63   63    1    1    1    1    1    1    1    1  2.07301E+01 0.00188 
   64   64    1    1    1    1    1    1    1    1  2.21115E+01 0.00198 
   65   65    1    1    1    1    1    1    1    1  2.40285E+01 0.00193 
   66   66    1    1    1    1    1    1    1    1  2.53082E+01 0.00194 
   67   67    1    1    1    1    1    1    1    1  2.56497E+01 0.00191 
   68   68    1    1    1    1    1    1    1    1  3.02878E+01 0.00181 
   69   69    1    1    1    1    1    1    1    1  3.68628E+01 0.00187 
   70   70    1    1    1    1    1    1    1    1  3.91880E+01 0.00301 
   71   71    1    1    1    1    1    1    1    1  4.60396E+01 0.00173 
   72   72    1    1    1    1    1    1    1    1  6.53473E+01 0.00260 
   73   73    1    1    1    1    1    1    1    1  7.07403E+01 0.00246 
   74   74    1    1    1    1    1    1    1    1  4.07194E+01 0.00178 
   75   75    1    1    1    1    1    1    1    1  2.25465E+01 0.00193 
   76   76    1    1    1    1    1    1    1    1  3.79288E+01 0.00164 
   77   77    1    1    1    1    1    1    1    1  4.57055E+01 0.00176 
   78   78    1    1    1    1    1    1    1    1  5.11085E+01 0.00243 
   79   79    1    1    1    1    1    1    1    1  5.08815E+01 0.00232 
   80   80    1    1    1    1    1    1    1    1  5.05732E+01 0.00146 
   81   81    1    1    1    1    1    1    1    1  5.94203E+01 0.00136 
   82   82    1    1    1    1    1    1    1    1  4.62395E+01 0.00140 
   83   83    1    1    1    1    1    1    1    1  3.71532E+01 0.00158 
   84   84    1    1    1    1    1    1    1    1  5.35901E+01 0.00178 
   85   85    1    1    1    1    1    1    1    1  6.26809E+01 0.00157 
   86   86    1    1    1    1    1    1    1    1  6.54255E+01 0.00153 
   87   87    1    1    1    1    1    1    1    1  6.82317E+01 0.00125 
   88   88    1    1    1    1    1    1    1    1  8.15085E+01 0.00137 
   89   89    1    1    1    1    1    1    1    1  7.13934E+01 0.00134 
   90   90    1    1    1    1    1    1    1    1  7.88038E+01 0.00106 
   91   91    1    1    1    1    1    1    1    1  7.14292E+01 0.00152 
   92   92    1    1    1    1    1    1    1    1  9.17046E+01 0.00175 
   93   93    1    1    1    1    1    1    1    1  9.48540E+01 0.00158 
   94   94    1    1    1    1    1    1    1    1  8.09297E+01 0.00164 
   95   95    1    1    1    1    1    1    1    1  7.05584E+01 0.00151 
   96   96    1    1    1    1    1    1    1    1  6.92053E+01 0.00197 
   97   97    1    1    1    1    1    1    1    1  8.58797E+01 0.00175 
   98   98    1    1    1    1    1    1    1    1  9.34091E+01 0.00198 
   99   99    1    1    1    1    1    1    1    1  9.60827E+01 0.00188 
  100  100    1    1    1    1    1    1    1    1  1.05001E+02 0.00191 
  101  101    1    1    1    1    1    1    1    1  1.03932E+02 0.00206 
  102  102    1    1    1    1    1    1    1    1  9.53074E+01 0.00180 
  103  103    1    1    1    1    1    1    1    1  6.23869E+01 0.00172 
  104  104    1    1    1    1    1    1    1    1  6.64448E+01 0.00183 
  105  105    1    1    1    1    1    1    1    1  8.22118E+01 0.00172 
  106  106    1    1    1    1    1    1    1    1  7.21752E+01 0.00166 
  107  107    1    1    1    1    1    1    1    1  7.50708E+01 0.00162 
  108  108    1    1    1    1    1    1    1    1  7.14843E+01 0.00175 
  109  109    1    1    1    1    1    1    1    1  8.20832E+01 0.00180 
