
DETspectrum = [
    1    1    1    1    1    1    1    1    1    1  0.00000E+00 0.00000 
    2    2    1    1    1    1    1    1    1    1  3.21160E-08 0.70641 
    3    3    1    1    1    1    1    1    1    1  1.91361E-07 0.70677 
    4    4    1    1    1    1    1    1    1    1  4.73856E-07 0.57631 
    5    5    1    1    1    1    1    1    1    1  7.87093E-07 0.57626 
    6    6    1    1    1    1    1    1    1    1  1.69854E-06 0.42633 
    7    7    1    1    1    1    1    1    1    1  6.06948E-07 0.57642 
    8    8    1    1    1    1    1    1    1    1  1.80990E-06 0.39680 
    9    9    1    1    1    1    1    1    1    1  3.76825E-06 0.34334 
   10   10    1    1    1    1    1    1    1    1  7.03941E-06 0.19476 
   11   11    1    1    1    1    1    1    1    1  7.61212E-06 0.25246 
   12   12    1    1    1    1    1    1    1    1  1.28413E-05 0.16244 
   13   13    1    1    1    1    1    1    1    1  3.13513E-05 0.11785 
   14   14    1    1    1    1    1    1    1    1  1.38431E-04 0.05485 
   15   15    1    1    1    1    1    1    1    1  3.83528E-04 0.05578 
   16   16    1    1    1    1    1    1    1    1  6.14052E-04 0.04352 
   17   17    1    1    1    1    1    1    1    1  9.96975E-04 0.03846 
   18   18    1    1    1    1    1    1    1    1  1.48934E-03 0.03506 
   19   19    1    1    1    1    1    1    1    1  2.02131E-03 0.03295 
   20   20    1    1    1    1    1    1    1    1  2.57778E-03 0.03126 
   21   21    1    1    1    1    1    1    1    1  3.24837E-03 0.02954 
   22   22    1    1    1    1    1    1    1    1  3.95662E-03 0.02917 
   23   23    1    1    1    1    1    1    1    1  5.35509E-03 0.02194 
   24   24    1    1    1    1    1    1    1    1  7.44198E-03 0.01951 
   25   25    1    1    1    1    1    1    1    1  9.39200E-03 0.01899 
   26   26    1    1    1    1    1    1    1    1  1.14773E-02 0.01827 
   27   27    1    1    1    1    1    1    1    1  1.28572E-02 0.01849 
   28   28    1    1    1    1    1    1    1    1  1.47660E-02 0.01729 
   29   29    1    1    1    1    1    1    1    1  1.64981E-02 0.01745 
   30   30    1    1    1    1    1    1    1    1  1.79594E-02 0.01717 
   31   31    1    1    1    1    1    1    1    1  1.91466E-02 0.01623 
   32   32    1    1    1    1    1    1    1    1  2.05710E-02 0.01664 
   33   33    1    1    1    1    1    1    1    1  2.10178E-02 0.01698 
   34   34    1    1    1    1    1    1    1    1  2.22587E-02 0.01573 
   35   35    1    1    1    1    1    1    1    1  2.38055E-02 0.01467 
   36   36    1    1    1    1    1    1    1    1  2.60732E-02 0.01487 
   37   37    1    1    1    1    1    1    1    1  2.67426E-02 0.01447 
   38   38    1    1    1    1    1    1    1    1  2.74480E-02 0.01463 
   39   39    1    1    1    1    1    1    1    1  2.84794E-02 0.01638 
   40   40    1    1    1    1    1    1    1    1  2.89880E-02 0.01570 
   41   41    1    1    1    1    1    1    1    1  2.95367E-02 0.01401 
   42   42    1    1    1    1    1    1    1    1  3.02184E-02 0.01352 
   43   43    1    1    1    1    1    1    1    1  3.04147E-02 0.01309 
   44   44    1    1    1    1    1    1    1    1  3.10685E-02 0.01348 
   45   45    1    1    1    1    1    1    1    1  3.23474E-02 0.01458 
   46   46    1    1    1    1    1    1    1    1  3.21654E-02 0.01740 
   47   47    1    1    1    1    1    1    1    1  3.25884E-02 0.01666 
   48   48    1    1    1    1    1    1    1    1  3.26884E-02 0.01691 
   49   49    1    1    1    1    1    1    1    1  3.49644E-02 0.01589 
   50   50    1    1    1    1    1    1    1    1  3.29681E-02 0.02274 
   51   51    1    1    1    1    1    1    1    1  3.29590E-02 0.02370 
   52   52    1    1    1    1    1    1    1    1  3.32656E-02 0.02295 
   53   53    1    1    1    1    1    1    1    1  3.37764E-02 0.02355 
   54   54    1    1    1    1    1    1    1    1  3.28709E-02 0.02331 
   55   55    1    1    1    1    1    1    1    1  3.29926E-02 0.02523 
   56   56    1    1    1    1    1    1    1    1  3.28437E-02 0.02496 
   57   57    1    1    1    1    1    1    1    1  3.29586E-02 0.02448 
   58   58    1    1    1    1    1    1    1    1  3.30459E-02 0.02535 
   59   59    1    1    1    1    1    1    1    1  3.51800E-02 0.02417 
   60   60    1    1    1    1    1    1    1    1  3.39277E-02 0.02420 
   61   61    1    1    1    1    1    1    1    1  3.38328E-02 0.02372 
   62   62    1    1    1    1    1    1    1    1  3.39781E-02 0.02337 
   63   63    1    1    1    1    1    1    1    1  3.48493E-02 0.02425 
   64   64    1    1    1    1    1    1    1    1  3.48022E-02 0.02443 
   65   65    1    1    1    1    1    1    1    1  3.55208E-02 0.01685 
   66   66    1    1    1    1    1    1    1    1  3.53280E-02 0.01655 
   67   67    1    1    1    1    1    1    1    1  3.55833E-02 0.01766 
   68   68    1    1    1    1    1    1    1    1  3.49376E-02 0.01747 
   69   69    1    1    1    1    1    1    1    1  3.51091E-02 0.01422 
   70   70    1    1    1    1    1    1    1    1  3.59762E-02 0.01412 
   71   71    1    1    1    1    1    1    1    1  3.56802E-02 0.01479 
   72   72    1    1    1    1    1    1    1    1  3.62295E-02 0.01469 
   73   73    1    1    1    1    1    1    1    1  3.63133E-02 0.01521 
   74   74    1    1    1    1    1    1    1    1  3.71131E-02 0.01248 
   75   75    1    1    1    1    1    1    1    1  3.79882E-02 0.01280 
   76   76    1    1    1    1    1    1    1    1  3.81502E-02 0.01262 
   77   77    1    1    1    1    1    1    1    1  3.79650E-02 0.01193 
   78   78    1    1    1    1    1    1    1    1  3.91995E-02 0.01277 
   79   79    1    1    1    1    1    1    1    1  4.00042E-02 0.01397 
   80   80    1    1    1    1    1    1    1    1  3.98487E-02 0.01208 
   81   81    1    1    1    1    1    1    1    1  3.98826E-02 0.01354 
   82   82    1    1    1    1    1    1    1    1  4.01397E-02 0.01340 
   83   83    1    1    1    1    1    1    1    1  4.05043E-02 0.01390 
   84   84    1    1    1    1    1    1    1    1  4.06281E-02 0.01335 
   85   85    1    1    1    1    1    1    1    1  4.23857E-02 0.01249 
   86   86    1    1    1    1    1    1    1    1  4.20093E-02 0.01304 
   87   87    1    1    1    1    1    1    1    1  4.18824E-02 0.01367 
   88   88    1    1    1    1    1    1    1    1  4.29698E-02 0.01347 
   89   89    1    1    1    1    1    1    1    1  4.32287E-02 0.01283 
   90   90    1    1    1    1    1    1    1    1  4.26158E-02 0.01934 
   91   91    1    1    1    1    1    1    1    1  4.35938E-02 0.01661 
   92   92    1    1    1    1    1    1    1    1  4.29728E-02 0.01471 
   93   93    1    1    1    1    1    1    1    1  4.33813E-02 0.00918 
   94   94    1    1    1    1    1    1    1    1  4.42176E-02 0.01061 
   95   95    1    1    1    1    1    1    1    1  4.52332E-02 0.01064 
   96   96    1    1    1    1    1    1    1    1  4.70884E-02 0.00762 
   97   97    1    1    1    1    1    1    1    1  4.99455E-02 0.01089 
   98   98    1    1    1    1    1    1    1    1  5.02171E-02 0.00915 
   99   99    1    1    1    1    1    1    1    1  5.02760E-02 0.00866 
  100  100    1    1    1    1    1    1    1    1  5.14602E-02 0.01097 
  101  101    1    1    1    1    1    1    1    1  5.25021E-02 0.01163 
  102  102    1    1    1    1    1    1    1    1  5.23205E-02 0.01152 
  103  103    1    1    1    1    1    1    1    1  5.17662E-02 0.01096 
  104  104    1    1    1    1    1    1    1    1  5.36912E-02 0.01410 
  105  105    1    1    1    1    1    1    1    1  5.53874E-02 0.00763 
  106  106    1    1    1    1    1    1    1    1  5.81786E-02 0.00746 
  107  107    1    1    1    1    1    1    1    1  5.88516E-02 0.00795 
  108  108    1    1    1    1    1    1    1    1  6.08209E-02 0.00625 
  109  109    1    1    1    1    1    1    1    1  6.37060E-02 0.01075 
