
DETspectrum = [
    1    1    1    1    1    1    1    1    1    1  0.00000E+00 0.00000 
    2    2    1    1    1    1    1    1    1    1  0.00000E+00 0.00000 
    3    3    1    1    1    1    1    1    1    1  0.00000E+00 0.00000 
    4    4    1    1    1    1    1    1    1    1  0.00000E+00 0.00000 
    5    5    1    1    1    1    1    1    1    1  0.00000E+00 0.00000 
    6    6    1    1    1    1    1    1    1    1  0.00000E+00 0.00000 
    7    7    1    1    1    1    1    1    1    1  0.00000E+00 0.00000 
    8    8    1    1    1    1    1    1    1    1  0.00000E+00 0.00000 
    9    9    1    1    1    1    1    1    1    1  0.00000E+00 0.00000 
   10   10    1    1    1    1    1    1    1    1  0.00000E+00 0.00000 
   11   11    1    1    1    1    1    1    1    1  0.00000E+00 0.00000 
   12   12    1    1    1    1    1    1    1    1  0.00000E+00 0.00000 
   13   13    1    1    1    1    1    1    1    1  1.12453E+12 0.57355 
   14   14    1    1    1    1    1    1    1    1  7.25177E+12 0.28655 
   15   15    1    1    1    1    1    1    1    1  2.24892E+13 0.24830 
   16   16    1    1    1    1    1    1    1    1  4.80379E+13 0.18822 
   17   17    1    1    1    1    1    1    1    1  7.97408E+13 0.13797 
   18   18    1    1    1    1    1    1    1    1  1.42005E+14 0.12078 
   19   19    1    1    1    1    1    1    1    1  2.13855E+14 0.10962 
   20   20    1    1    1    1    1    1    1    1  3.04187E+14 0.09782 
   21   21    1    1    1    1    1    1    1    1  3.82703E+14 0.08485 
   22   22    1    1    1    1    1    1    1    1  5.77008E+14 0.06252 
   23   23    1    1    1    1    1    1    1    1  8.87913E+14 0.05729 
   24   24    1    1    1    1    1    1    1    1  1.55032E+15 0.05345 
   25   25    1    1    1    1    1    1    1    1  2.41406E+15 0.04140 
   26   26    1    1    1    1    1    1    1    1  3.24243E+15 0.03972 
   27   27    1    1    1    1    1    1    1    1  4.18620E+15 0.03793 
   28   28    1    1    1    1    1    1    1    1  5.15794E+15 0.03355 
   29   29    1    1    1    1    1    1    1    1  6.44504E+15 0.03215 
   30   30    1    1    1    1    1    1    1    1  7.54196E+15 0.02815 
   31   31    1    1    1    1    1    1    1    1  8.66936E+15 0.02735 
   32   32    1    1    1    1    1    1    1    1  9.69368E+15 0.02531 
   33   33    1    1    1    1    1    1    1    1  1.09405E+16 0.02621 
   34   34    1    1    1    1    1    1    1    1  1.27941E+16 0.02648 
   35   35    1    1    1    1    1    1    1    1  1.46350E+16 0.02105 
   36   36    1    1    1    1    1    1    1    1  1.68628E+16 0.01922 
   37   37    1    1    1    1    1    1    1    1  1.88342E+16 0.01873 
   38   38    1    1    1    1    1    1    1    1  2.16659E+16 0.01759 
   39   39    1    1    1    1    1    1    1    1  2.36295E+16 0.02120 
   40   40    1    1    1    1    1    1    1    1  2.48153E+16 0.02063 
   41   41    1    1    1    1    1    1    1    1  2.65788E+16 0.01851 
   42   42    1    1    1    1    1    1    1    1  2.95177E+16 0.01696 
   43   43    1    1    1    1    1    1    1    1  3.11642E+16 0.01617 
   44   44    1    1    1    1    1    1    1    1  3.36513E+16 0.01503 
   45   45    1    1    1    1    1    1    1    1  3.51886E+16 0.01603 
   46   46    1    1    1    1    1    1    1    1  3.72382E+16 0.01627 
   47   47    1    1    1    1    1    1    1    1  3.88040E+16 0.01628 
   48   48    1    1    1    1    1    1    1    1  3.95000E+16 0.01678 
   49   49    1    1    1    1    1    1    1    1  4.10233E+16 0.01562 
   50   50    1    1    1    1    1    1    1    1  4.07510E+16 0.02114 
   51   51    1    1    1    1    1    1    1    1  4.10744E+16 0.02551 
   52   52    1    1    1    1    1    1    1    1  4.12803E+16 0.02284 
   53   53    1    1    1    1    1    1    1    1  4.13826E+16 0.02325 
   54   54    1    1    1    1    1    1    1    1  4.14693E+16 0.02251 
   55   55    1    1    1    1    1    1    1    1  4.22883E+16 0.02285 
   56   56    1    1    1    1    1    1    1    1  4.32297E+16 0.02201 
   57   57    1    1    1    1    1    1    1    1  4.21130E+16 0.02224 
   58   58    1    1    1    1    1    1    1    1  4.29916E+16 0.01940 
   59   59    1    1    1    1    1    1    1    1  4.42529E+16 0.02337 
   60   60    1    1    1    1    1    1    1    1  4.46739E+16 0.02033 
   61   61    1    1    1    1    1    1    1    1  4.50826E+16 0.02215 
   62   62    1    1    1    1    1    1    1    1  4.43750E+16 0.02369 
   63   63    1    1    1    1    1    1    1    1  4.69030E+16 0.02055 
   64   64    1    1    1    1    1    1    1    1  4.52222E+16 0.02295 
   65   65    1    1    1    1    1    1    1    1  4.67236E+16 0.01688 
   66   66    1    1    1    1    1    1    1    1  4.73858E+16 0.01626 
   67   67    1    1    1    1    1    1    1    1  4.84723E+16 0.01611 
   68   68    1    1    1    1    1    1    1    1  5.00486E+16 0.01770 
   69   69    1    1    1    1    1    1    1    1  5.10912E+16 0.01268 
   70   70    1    1    1    1    1    1    1    1  5.30222E+16 0.01351 
   71   71    1    1    1    1    1    1    1    1  5.35469E+16 0.01293 
   72   72    1    1    1    1    1    1    1    1  5.66567E+16 0.01323 
   73   73    1    1    1    1    1    1    1    1  5.79155E+16 0.01446 
   74   74    1    1    1    1    1    1    1    1  6.03271E+16 0.01138 
   75   75    1    1    1    1    1    1    1    1  6.28876E+16 0.01288 
   76   76    1    1    1    1    1    1    1    1  6.47345E+16 0.01119 
   77   77    1    1    1    1    1    1    1    1  6.68105E+16 0.01170 
   78   78    1    1    1    1    1    1    1    1  6.94171E+16 0.01048 
   79   79    1    1    1    1    1    1    1    1  7.14182E+16 0.01237 
   80   80    1    1    1    1    1    1    1    1  7.34025E+16 0.01144 
   81   81    1    1    1    1    1    1    1    1  7.69622E+16 0.01177 
   82   82    1    1    1    1    1    1    1    1  7.85512E+16 0.01141 
   83   83    1    1    1    1    1    1    1    1  8.05088E+16 0.01062 
   84   84    1    1    1    1    1    1    1    1  8.12027E+16 0.01011 
   85   85    1    1    1    1    1    1    1    1  8.49366E+16 0.01041 
   86   86    1    1    1    1    1    1    1    1  8.65943E+16 0.00960 
   87   87    1    1    1    1    1    1    1    1  8.75940E+16 0.00996 
   88   88    1    1    1    1    1    1    1    1  9.05523E+16 0.00992 
   89   89    1    1    1    1    1    1    1    1  9.26714E+16 0.00991 
   90   90    1    1    1    1    1    1    1    1  9.55918E+16 0.01494 
   91   91    1    1    1    1    1    1    1    1  9.55992E+16 0.01238 
   92   92    1    1    1    1    1    1    1    1  9.63027E+16 0.01070 
   93   93    1    1    1    1    1    1    1    1  1.00040E+17 0.00787 
   94   94    1    1    1    1    1    1    1    1  1.03502E+17 0.00808 
   95   95    1    1    1    1    1    1    1    1  1.07605E+17 0.00841 
   96   96    1    1    1    1    1    1    1    1  1.14042E+17 0.00637 
   97   97    1    1    1    1    1    1    1    1  1.19584E+17 0.00778 
   98   98    1    1    1    1    1    1    1    1  1.22502E+17 0.00725 
   99   99    1    1    1    1    1    1    1    1  1.27326E+17 0.00679 
  100  100    1    1    1    1    1    1    1    1  1.32175E+17 0.00759 
  101  101    1    1    1    1    1    1    1    1  1.32303E+17 0.00818 
  102  102    1    1    1    1    1    1    1    1  1.34343E+17 0.00806 
  103  103    1    1    1    1    1    1    1    1  1.37750E+17 0.00801 
  104  104    1    1    1    1    1    1    1    1  1.39852E+17 0.00938 
  105  105    1    1    1    1    1    1    1    1  1.44177E+17 0.00680 
  106  106    1    1    1    1    1    1    1    1  1.51573E+17 0.00622 
  107  107    1    1    1    1    1    1    1    1  1.56902E+17 0.00644 
  108  108    1    1    1    1    1    1    1    1  1.62296E+17 0.00615 
  109  109    1    1    1    1    1    1    1    1  1.67111E+17 0.00683 
