
DETspectrum = [
    1    1    1    1    1    1    1    1    1    1  0.00000E+00 0.00000 
    2    2    1    1    1    1    1    1    1    1  0.00000E+00 0.00000 
    3    3    1    1    1    1    1    1    1    1  0.00000E+00 0.00000 
    4    4    1    1    1    1    1    1    1    1  0.00000E+00 0.00000 
    5    5    1    1    1    1    1    1    1    1  0.00000E+00 0.00000 
    6    6    1    1    1    1    1    1    1    1  0.00000E+00 0.00000 
    7    7    1    1    1    1    1    1    1    1  0.00000E+00 0.00000 
    8    8    1    1    1    1    1    1    1    1  0.00000E+00 0.00000 
    9    9    1    1    1    1    1    1    1    1  0.00000E+00 0.00000 
   10   10    1    1    1    1    1    1    1    1  0.00000E+00 0.00000 
   11   11    1    1    1    1    1    1    1    1  0.00000E+00 0.00000 
   12   12    1    1    1    1    1    1    1    1  9.74378E+11 0.60528 
   13   13    1    1    1    1    1    1    1    1  1.84937E+12 0.66042 
   14   14    1    1    1    1    1    1    1    1  1.04326E+13 0.32263 
   15   15    1    1    1    1    1    1    1    1  2.78375E+13 0.22345 
   16   16    1    1    1    1    1    1    1    1  4.36386E+13 0.16810 
   17   17    1    1    1    1    1    1    1    1  8.53750E+13 0.14224 
   18   18    1    1    1    1    1    1    1    1  1.48034E+14 0.11529 
   19   19    1    1    1    1    1    1    1    1  2.02284E+14 0.10432 
   20   20    1    1    1    1    1    1    1    1  2.97431E+14 0.09662 
   21   21    1    1    1    1    1    1    1    1  3.81061E+14 0.09189 
   22   22    1    1    1    1    1    1    1    1  5.43570E+14 0.08509 
   23   23    1    1    1    1    1    1    1    1  9.68919E+14 0.06006 
   24   24    1    1    1    1    1    1    1    1  1.58048E+15 0.04760 
   25   25    1    1    1    1    1    1    1    1  2.39552E+15 0.03902 
   26   26    1    1    1    1    1    1    1    1  3.30786E+15 0.03545 
   27   27    1    1    1    1    1    1    1    1  4.29444E+15 0.03366 
   28   28    1    1    1    1    1    1    1    1  5.35021E+15 0.03258 
   29   29    1    1    1    1    1    1    1    1  6.37626E+15 0.02905 
   30   30    1    1    1    1    1    1    1    1  7.70030E+15 0.02915 
   31   31    1    1    1    1    1    1    1    1  8.67972E+15 0.02509 
   32   32    1    1    1    1    1    1    1    1  1.00068E+16 0.02621 
   33   33    1    1    1    1    1    1    1    1  1.11630E+16 0.02543 
   34   34    1    1    1    1    1    1    1    1  1.22672E+16 0.02562 
   35   35    1    1    1    1    1    1    1    1  1.44233E+16 0.02137 
   36   36    1    1    1    1    1    1    1    1  1.71494E+16 0.02244 
   37   37    1    1    1    1    1    1    1    1  1.94259E+16 0.02019 
   38   38    1    1    1    1    1    1    1    1  2.21319E+16 0.01751 
   39   39    1    1    1    1    1    1    1    1  2.34747E+16 0.01967 
   40   40    1    1    1    1    1    1    1    1  2.48045E+16 0.01793 
   41   41    1    1    1    1    1    1    1    1  2.69170E+16 0.01638 
   42   42    1    1    1    1    1    1    1    1  2.88837E+16 0.01548 
   43   43    1    1    1    1    1    1    1    1  3.12855E+16 0.01675 
   44   44    1    1    1    1    1    1    1    1  3.33366E+16 0.01482 
   45   45    1    1    1    1    1    1    1    1  3.52750E+16 0.01550 
   46   46    1    1    1    1    1    1    1    1  3.60716E+16 0.01761 
   47   47    1    1    1    1    1    1    1    1  3.71668E+16 0.01811 
   48   48    1    1    1    1    1    1    1    1  3.86940E+16 0.01867 
   49   49    1    1    1    1    1    1    1    1  4.03532E+16 0.01855 
   50   50    1    1    1    1    1    1    1    1  4.09411E+16 0.02369 
   51   51    1    1    1    1    1    1    1    1  4.20440E+16 0.02332 
   52   52    1    1    1    1    1    1    1    1  4.12445E+16 0.02574 
   53   53    1    1    1    1    1    1    1    1  4.29196E+16 0.02454 
   54   54    1    1    1    1    1    1    1    1  4.19118E+16 0.02335 
   55   55    1    1    1    1    1    1    1    1  4.21422E+16 0.02216 
   56   56    1    1    1    1    1    1    1    1  4.27879E+16 0.02305 
   57   57    1    1    1    1    1    1    1    1  4.29271E+16 0.02246 
   58   58    1    1    1    1    1    1    1    1  4.42619E+16 0.02407 
   59   59    1    1    1    1    1    1    1    1  4.42928E+16 0.02186 
   60   60    1    1    1    1    1    1    1    1  4.24226E+16 0.02266 
   61   61    1    1    1    1    1    1    1    1  4.52341E+16 0.02057 
   62   62    1    1    1    1    1    1    1    1  4.66143E+16 0.02206 
   63   63    1    1    1    1    1    1    1    1  4.53729E+16 0.02017 
   64   64    1    1    1    1    1    1    1    1  4.56488E+16 0.02124 
   65   65    1    1    1    1    1    1    1    1  4.68575E+16 0.01645 
   66   66    1    1    1    1    1    1    1    1  4.77415E+16 0.01746 
   67   67    1    1    1    1    1    1    1    1  4.87519E+16 0.01821 
   68   68    1    1    1    1    1    1    1    1  5.06935E+16 0.01749 
   69   69    1    1    1    1    1    1    1    1  5.09913E+16 0.01433 
   70   70    1    1    1    1    1    1    1    1  5.27074E+16 0.01461 
   71   71    1    1    1    1    1    1    1    1  5.43774E+16 0.01338 
   72   72    1    1    1    1    1    1    1    1  5.65416E+16 0.01393 
   73   73    1    1    1    1    1    1    1    1  5.73155E+16 0.01447 
   74   74    1    1    1    1    1    1    1    1  6.02369E+16 0.01221 
   75   75    1    1    1    1    1    1    1    1  6.25842E+16 0.01144 
   76   76    1    1    1    1    1    1    1    1  6.53664E+16 0.01182 
   77   77    1    1    1    1    1    1    1    1  6.74078E+16 0.01167 
   78   78    1    1    1    1    1    1    1    1  7.06112E+16 0.01274 
   79   79    1    1    1    1    1    1    1    1  7.29424E+16 0.01169 
   80   80    1    1    1    1    1    1    1    1  7.36050E+16 0.01044 
   81   81    1    1    1    1    1    1    1    1  7.69424E+16 0.01046 
   82   82    1    1    1    1    1    1    1    1  7.85646E+16 0.01176 
   83   83    1    1    1    1    1    1    1    1  7.89206E+16 0.01193 
   84   84    1    1    1    1    1    1    1    1  8.12135E+16 0.01141 
   85   85    1    1    1    1    1    1    1    1  8.30444E+16 0.00966 
   86   86    1    1    1    1    1    1    1    1  8.44538E+16 0.01030 
   87   87    1    1    1    1    1    1    1    1  8.68379E+16 0.01032 
   88   88    1    1    1    1    1    1    1    1  8.89776E+16 0.01037 
   89   89    1    1    1    1    1    1    1    1  9.18434E+16 0.01017 
   90   90    1    1    1    1    1    1    1    1  9.28713E+16 0.01498 
   91   91    1    1    1    1    1    1    1    1  9.42696E+16 0.01248 
   92   92    1    1    1    1    1    1    1    1  9.43534E+16 0.01012 
   93   93    1    1    1    1    1    1    1    1  9.88379E+16 0.00720 
   94   94    1    1    1    1    1    1    1    1  1.04456E+17 0.00838 
   95   95    1    1    1    1    1    1    1    1  1.05857E+17 0.00782 
   96   96    1    1    1    1    1    1    1    1  1.13495E+17 0.00627 
   97   97    1    1    1    1    1    1    1    1  1.18963E+17 0.00783 
   98   98    1    1    1    1    1    1    1    1  1.22687E+17 0.00701 
   99   99    1    1    1    1    1    1    1    1  1.26568E+17 0.00663 
  100  100    1    1    1    1    1    1    1    1  1.29810E+17 0.00827 
  101  101    1    1    1    1    1    1    1    1  1.32830E+17 0.00787 
  102  102    1    1    1    1    1    1    1    1  1.33844E+17 0.00793 
  103  103    1    1    1    1    1    1    1    1  1.35107E+17 0.00823 
  104  104    1    1    1    1    1    1    1    1  1.40500E+17 0.00872 
  105  105    1    1    1    1    1    1    1    1  1.43026E+17 0.00592 
  106  106    1    1    1    1    1    1    1    1  1.50678E+17 0.00627 
  107  107    1    1    1    1    1    1    1    1  1.55034E+17 0.00599 
  108  108    1    1    1    1    1    1    1    1  1.60949E+17 0.00546 
  109  109    1    1    1    1    1    1    1    1  1.66277E+17 0.00695 
