
DETspectrum = [
    1    1    1    1    1    1    1    1    1    1  0.00000E+00 0.00000 
    2    2    1    1    1    1    1    1    1    1  0.00000E+00 0.00000 
    3    3    1    1    1    1    1    1    1    1  0.00000E+00 0.00000 
    4    4    1    1    1    1    1    1    1    1  0.00000E+00 0.00000 
    5    5    1    1    1    1    1    1    1    1  3.10554E+11 1.00000 
    6    6    1    1    1    1    1    1    1    1  0.00000E+00 0.00000 
    7    7    1    1    1    1    1    1    1    1  0.00000E+00 0.00000 
    8    8    1    1    1    1    1    1    1    1  0.00000E+00 0.00000 
    9    9    1    1    1    1    1    1    1    1  0.00000E+00 0.00000 
   10   10    1    1    1    1    1    1    1    1  0.00000E+00 0.00000 
   11   11    1    1    1    1    1    1    1    1  0.00000E+00 0.00000 
   12   12    1    1    1    1    1    1    1    1  7.50500E+11 0.57413 
   13   13    1    1    1    1    1    1    1    1  3.74039E+11 1.00000 
   14   14    1    1    1    1    1    1    1    1  1.08978E+13 0.19680 
   15   15    1    1    1    1    1    1    1    1  2.85995E+13 0.21465 
   16   16    1    1    1    1    1    1    1    1  4.93723E+13 0.17942 
   17   17    1    1    1    1    1    1    1    1  1.00576E+14 0.13747 
   18   18    1    1    1    1    1    1    1    1  1.60724E+14 0.12422 
   19   19    1    1    1    1    1    1    1    1  2.54225E+14 0.10110 
   20   20    1    1    1    1    1    1    1    1  3.32321E+14 0.10033 
   21   21    1    1    1    1    1    1    1    1  4.39483E+14 0.08511 
   22   22    1    1    1    1    1    1    1    1  5.92902E+14 0.08040 
   23   23    1    1    1    1    1    1    1    1  1.02895E+15 0.05753 
   24   24    1    1    1    1    1    1    1    1  1.68030E+15 0.05035 
   25   25    1    1    1    1    1    1    1    1  2.34651E+15 0.04225 
   26   26    1    1    1    1    1    1    1    1  3.22216E+15 0.04107 
   27   27    1    1    1    1    1    1    1    1  3.97647E+15 0.03784 
   28   28    1    1    1    1    1    1    1    1  5.21634E+15 0.03318 
   29   29    1    1    1    1    1    1    1    1  6.40461E+15 0.03069 
   30   30    1    1    1    1    1    1    1    1  7.41649E+15 0.02975 
   31   31    1    1    1    1    1    1    1    1  8.91644E+15 0.03053 
   32   32    1    1    1    1    1    1    1    1  9.85346E+15 0.02824 
   33   33    1    1    1    1    1    1    1    1  1.12788E+16 0.02839 
   34   34    1    1    1    1    1    1    1    1  1.24882E+16 0.02536 
   35   35    1    1    1    1    1    1    1    1  1.43215E+16 0.02387 
   36   36    1    1    1    1    1    1    1    1  1.70089E+16 0.02199 
   37   37    1    1    1    1    1    1    1    1  1.98282E+16 0.02052 
   38   38    1    1    1    1    1    1    1    1  2.20269E+16 0.01835 
   39   39    1    1    1    1    1    1    1    1  2.40348E+16 0.02086 
   40   40    1    1    1    1    1    1    1    1  2.53841E+16 0.02017 
   41   41    1    1    1    1    1    1    1    1  2.66886E+16 0.01720 
   42   42    1    1    1    1    1    1    1    1  2.89178E+16 0.01907 
   43   43    1    1    1    1    1    1    1    1  3.05707E+16 0.01773 
   44   44    1    1    1    1    1    1    1    1  3.35515E+16 0.01627 
   45   45    1    1    1    1    1    1    1    1  3.55888E+16 0.01672 
   46   46    1    1    1    1    1    1    1    1  3.69805E+16 0.01883 
   47   47    1    1    1    1    1    1    1    1  3.80048E+16 0.01812 
   48   48    1    1    1    1    1    1    1    1  3.87814E+16 0.01870 
   49   49    1    1    1    1    1    1    1    1  4.02995E+16 0.01791 
   50   50    1    1    1    1    1    1    1    1  4.16614E+16 0.02203 
   51   51    1    1    1    1    1    1    1    1  4.07626E+16 0.02266 
   52   52    1    1    1    1    1    1    1    1  3.96138E+16 0.02370 
   53   53    1    1    1    1    1    1    1    1  4.22892E+16 0.02527 
   54   54    1    1    1    1    1    1    1    1  4.08257E+16 0.02468 
   55   55    1    1    1    1    1    1    1    1  4.24806E+16 0.02448 
   56   56    1    1    1    1    1    1    1    1  4.18522E+16 0.02380 
   57   57    1    1    1    1    1    1    1    1  4.40105E+16 0.02387 
   58   58    1    1    1    1    1    1    1    1  4.48711E+16 0.02618 
   59   59    1    1    1    1    1    1    1    1  4.44639E+16 0.02122 
   60   60    1    1    1    1    1    1    1    1  4.48165E+16 0.02269 
   61   61    1    1    1    1    1    1    1    1  4.51991E+16 0.02196 
   62   62    1    1    1    1    1    1    1    1  4.59210E+16 0.02138 
   63   63    1    1    1    1    1    1    1    1  4.58784E+16 0.02218 
   64   64    1    1    1    1    1    1    1    1  4.65312E+16 0.02313 
   65   65    1    1    1    1    1    1    1    1  4.70568E+16 0.01695 
   66   66    1    1    1    1    1    1    1    1  4.72411E+16 0.01764 
   67   67    1    1    1    1    1    1    1    1  4.97089E+16 0.01921 
   68   68    1    1    1    1    1    1    1    1  4.94173E+16 0.01692 
   69   69    1    1    1    1    1    1    1    1  5.08607E+16 0.01404 
   70   70    1    1    1    1    1    1    1    1  5.26940E+16 0.01431 
   71   71    1    1    1    1    1    1    1    1  5.43281E+16 0.01469 
   72   72    1    1    1    1    1    1    1    1  5.74941E+16 0.01413 
   73   73    1    1    1    1    1    1    1    1  5.83631E+16 0.01426 
   74   74    1    1    1    1    1    1    1    1  6.01081E+16 0.01090 
   75   75    1    1    1    1    1    1    1    1  6.27271E+16 0.01136 
   76   76    1    1    1    1    1    1    1    1  6.55439E+16 0.01265 
   77   77    1    1    1    1    1    1    1    1  6.83832E+16 0.01234 
   78   78    1    1    1    1    1    1    1    1  7.06692E+16 0.01069 
   79   79    1    1    1    1    1    1    1    1  7.15534E+16 0.01202 
   80   80    1    1    1    1    1    1    1    1  7.36409E+16 0.01109 
   81   81    1    1    1    1    1    1    1    1  7.57102E+16 0.00982 
   82   82    1    1    1    1    1    1    1    1  7.89522E+16 0.01005 
   83   83    1    1    1    1    1    1    1    1  7.96574E+16 0.01095 
   84   84    1    1    1    1    1    1    1    1  8.21151E+16 0.00984 
   85   85    1    1    1    1    1    1    1    1  8.37825E+16 0.01009 
   86   86    1    1    1    1    1    1    1    1  8.53691E+16 0.01010 
   87   87    1    1    1    1    1    1    1    1  8.65446E+16 0.00927 
   88   88    1    1    1    1    1    1    1    1  8.93993E+16 0.01017 
   89   89    1    1    1    1    1    1    1    1  9.15558E+16 0.01042 
   90   90    1    1    1    1    1    1    1    1  9.32509E+16 0.01615 
   91   91    1    1    1    1    1    1    1    1  9.41759E+16 0.01372 
   92   92    1    1    1    1    1    1    1    1  9.55916E+16 0.00993 
   93   93    1    1    1    1    1    1    1    1  9.84718E+16 0.00677 
   94   94    1    1    1    1    1    1    1    1  1.02800E+17 0.00791 
   95   95    1    1    1    1    1    1    1    1  1.06525E+17 0.00785 
   96   96    1    1    1    1    1    1    1    1  1.13211E+17 0.00617 
   97   97    1    1    1    1    1    1    1    1  1.19064E+17 0.00753 
   98   98    1    1    1    1    1    1    1    1  1.23144E+17 0.00627 
   99   99    1    1    1    1    1    1    1    1  1.26674E+17 0.00613 
  100  100    1    1    1    1    1    1    1    1  1.28530E+17 0.00778 
  101  101    1    1    1    1    1    1    1    1  1.32826E+17 0.00757 
  102  102    1    1    1    1    1    1    1    1  1.33384E+17 0.00731 
  103  103    1    1    1    1    1    1    1    1  1.36315E+17 0.00685 
  104  104    1    1    1    1    1    1    1    1  1.36999E+17 0.00882 
  105  105    1    1    1    1    1    1    1    1  1.42995E+17 0.00528 
  106  106    1    1    1    1    1    1    1    1  1.49935E+17 0.00577 
  107  107    1    1    1    1    1    1    1    1  1.55438E+17 0.00536 
  108  108    1    1    1    1    1    1    1    1  1.60747E+17 0.00490 
  109  109    1    1    1    1    1    1    1    1  1.65998E+17 0.00636 
