
DETspectrum = [
    1    1    1    1    1    1    1    1    1    1  0.00000E+00 0.00000 
    2    2    1    1    1    1    1    1    1    1  0.00000E+00 0.00000 
    3    3    1    1    1    1    1    1    1    1  0.00000E+00 0.00000 
    4    4    1    1    1    1    1    1    1    1  0.00000E+00 0.00000 
    5    5    1    1    1    1    1    1    1    1  0.00000E+00 0.00000 
    6    6    1    1    1    1    1    1    1    1  0.00000E+00 0.00000 
    7    7    1    1    1    1    1    1    1    1  0.00000E+00 0.00000 
    8    8    1    1    1    1    1    1    1    1  0.00000E+00 0.00000 
    9    9    1    1    1    1    1    1    1    1  0.00000E+00 0.00000 
   10   10    1    1    1    1    1    1    1    1  0.00000E+00 0.00000 
   11   11    1    1    1    1    1    1    1    1  1.24747E+12 0.74670 
   12   12    1    1    1    1    1    1    1    1  9.88808E+11 0.60400 
   13   13    1    1    1    1    1    1    1    1  1.44986E+12 0.78697 
   14   14    1    1    1    1    1    1    1    1  9.94440E+12 0.20395 
   15   15    1    1    1    1    1    1    1    1  3.48860E+13 0.22367 
   16   16    1    1    1    1    1    1    1    1  4.76064E+13 0.18170 
   17   17    1    1    1    1    1    1    1    1  9.80873E+13 0.13070 
   18   18    1    1    1    1    1    1    1    1  1.32087E+14 0.11969 
   19   19    1    1    1    1    1    1    1    1  1.98279E+14 0.10838 
   20   20    1    1    1    1    1    1    1    1  3.10403E+14 0.10137 
   21   21    1    1    1    1    1    1    1    1  4.37935E+14 0.09206 
   22   22    1    1    1    1    1    1    1    1  6.10607E+14 0.07823 
   23   23    1    1    1    1    1    1    1    1  9.05857E+14 0.05996 
   24   24    1    1    1    1    1    1    1    1  1.48689E+15 0.04859 
   25   25    1    1    1    1    1    1    1    1  2.21618E+15 0.04024 
   26   26    1    1    1    1    1    1    1    1  3.11240E+15 0.03805 
   27   27    1    1    1    1    1    1    1    1  3.83557E+15 0.03543 
   28   28    1    1    1    1    1    1    1    1  4.96475E+15 0.03223 
   29   29    1    1    1    1    1    1    1    1  6.20333E+15 0.03509 
   30   30    1    1    1    1    1    1    1    1  7.04633E+15 0.03024 
   31   31    1    1    1    1    1    1    1    1  8.32674E+15 0.02842 
   32   32    1    1    1    1    1    1    1    1  9.82601E+15 0.02790 
   33   33    1    1    1    1    1    1    1    1  1.09910E+16 0.02462 
   34   34    1    1    1    1    1    1    1    1  1.24857E+16 0.02540 
   35   35    1    1    1    1    1    1    1    1  1.44128E+16 0.02320 
   36   36    1    1    1    1    1    1    1    1  1.63302E+16 0.02108 
   37   37    1    1    1    1    1    1    1    1  1.90552E+16 0.02150 
   38   38    1    1    1    1    1    1    1    1  2.14524E+16 0.01964 
   39   39    1    1    1    1    1    1    1    1  2.29822E+16 0.02119 
   40   40    1    1    1    1    1    1    1    1  2.45059E+16 0.01922 
   41   41    1    1    1    1    1    1    1    1  2.60389E+16 0.01781 
   42   42    1    1    1    1    1    1    1    1  2.83102E+16 0.01783 
   43   43    1    1    1    1    1    1    1    1  3.06811E+16 0.01925 
   44   44    1    1    1    1    1    1    1    1  3.22495E+16 0.01735 
   45   45    1    1    1    1    1    1    1    1  3.53724E+16 0.01802 
   46   46    1    1    1    1    1    1    1    1  3.69831E+16 0.02080 
   47   47    1    1    1    1    1    1    1    1  3.73675E+16 0.01674 
   48   48    1    1    1    1    1    1    1    1  3.94710E+16 0.01800 
   49   49    1    1    1    1    1    1    1    1  3.92366E+16 0.01662 
   50   50    1    1    1    1    1    1    1    1  4.07160E+16 0.02424 
   51   51    1    1    1    1    1    1    1    1  4.23672E+16 0.02362 
   52   52    1    1    1    1    1    1    1    1  4.16450E+16 0.02149 
   53   53    1    1    1    1    1    1    1    1  4.16812E+16 0.02303 
   54   54    1    1    1    1    1    1    1    1  4.26095E+16 0.02375 
   55   55    1    1    1    1    1    1    1    1  4.17888E+16 0.02232 
   56   56    1    1    1    1    1    1    1    1  4.23656E+16 0.02376 
   57   57    1    1    1    1    1    1    1    1  4.33468E+16 0.02347 
   58   58    1    1    1    1    1    1    1    1  4.18069E+16 0.02342 
   59   59    1    1    1    1    1    1    1    1  4.33946E+16 0.02329 
   60   60    1    1    1    1    1    1    1    1  4.41532E+16 0.02564 
   61   61    1    1    1    1    1    1    1    1  4.35773E+16 0.02392 
   62   62    1    1    1    1    1    1    1    1  4.41807E+16 0.02286 
   63   63    1    1    1    1    1    1    1    1  4.50119E+16 0.02239 
   64   64    1    1    1    1    1    1    1    1  4.49575E+16 0.02608 
   65   65    1    1    1    1    1    1    1    1  4.60735E+16 0.01839 
   66   66    1    1    1    1    1    1    1    1  4.78457E+16 0.01804 
   67   67    1    1    1    1    1    1    1    1  4.91110E+16 0.01691 
   68   68    1    1    1    1    1    1    1    1  5.01834E+16 0.01752 
   69   69    1    1    1    1    1    1    1    1  5.06109E+16 0.01425 
   70   70    1    1    1    1    1    1    1    1  5.26995E+16 0.01283 
   71   71    1    1    1    1    1    1    1    1  5.43109E+16 0.01347 
   72   72    1    1    1    1    1    1    1    1  5.57110E+16 0.01377 
   73   73    1    1    1    1    1    1    1    1  5.67718E+16 0.01388 
   74   74    1    1    1    1    1    1    1    1  6.01364E+16 0.01224 
   75   75    1    1    1    1    1    1    1    1  6.30779E+16 0.01251 
   76   76    1    1    1    1    1    1    1    1  6.60993E+16 0.01096 
   77   77    1    1    1    1    1    1    1    1  6.85233E+16 0.01075 
   78   78    1    1    1    1    1    1    1    1  6.97988E+16 0.01207 
   79   79    1    1    1    1    1    1    1    1  7.18817E+16 0.01339 
   80   80    1    1    1    1    1    1    1    1  7.41042E+16 0.01058 
   81   81    1    1    1    1    1    1    1    1  7.66485E+16 0.01146 
   82   82    1    1    1    1    1    1    1    1  7.98550E+16 0.01044 
   83   83    1    1    1    1    1    1    1    1  8.03425E+16 0.01242 
   84   84    1    1    1    1    1    1    1    1  8.28729E+16 0.01212 
   85   85    1    1    1    1    1    1    1    1  8.41876E+16 0.01041 
   86   86    1    1    1    1    1    1    1    1  8.57250E+16 0.01076 
   87   87    1    1    1    1    1    1    1    1  8.89094E+16 0.01033 
   88   88    1    1    1    1    1    1    1    1  8.94102E+16 0.01048 
   89   89    1    1    1    1    1    1    1    1  9.20514E+16 0.01088 
   90   90    1    1    1    1    1    1    1    1  9.54865E+16 0.01533 
   91   91    1    1    1    1    1    1    1    1  9.51439E+16 0.01289 
   92   92    1    1    1    1    1    1    1    1  9.63595E+16 0.01069 
   93   93    1    1    1    1    1    1    1    1  9.87654E+16 0.00795 
   94   94    1    1    1    1    1    1    1    1  1.05071E+17 0.00868 
   95   95    1    1    1    1    1    1    1    1  1.06949E+17 0.00840 
   96   96    1    1    1    1    1    1    1    1  1.14472E+17 0.00744 
   97   97    1    1    1    1    1    1    1    1  1.18651E+17 0.00846 
   98   98    1    1    1    1    1    1    1    1  1.21787E+17 0.00810 
   99   99    1    1    1    1    1    1    1    1  1.27582E+17 0.00656 
  100  100    1    1    1    1    1    1    1    1  1.32117E+17 0.00853 
  101  101    1    1    1    1    1    1    1    1  1.31920E+17 0.00821 
  102  102    1    1    1    1    1    1    1    1  1.33065E+17 0.00719 
  103  103    1    1    1    1    1    1    1    1  1.37235E+17 0.00737 
  104  104    1    1    1    1    1    1    1    1  1.37918E+17 0.00906 
  105  105    1    1    1    1    1    1    1    1  1.44311E+17 0.00635 
  106  106    1    1    1    1    1    1    1    1  1.52053E+17 0.00609 
  107  107    1    1    1    1    1    1    1    1  1.57851E+17 0.00643 
  108  108    1    1    1    1    1    1    1    1  1.62928E+17 0.00590 
  109  109    1    1    1    1    1    1    1    1  1.68577E+17 0.00682 
