
DETspectrum = [
    1    1    1    1    1    1    1    1    1    1  0.00000E+00 0.00000 
    2    2    1    1    1    1    1    1    1    1  0.00000E+00 0.00000 
    3    3    1    1    1    1    1    1    1    1  0.00000E+00 0.00000 
    4    4    1    1    1    1    1    1    1    1  0.00000E+00 0.00000 
    5    5    1    1    1    1    1    1    1    1  0.00000E+00 0.00000 
    6    6    1    1    1    1    1    1    1    1  0.00000E+00 0.00000 
    7    7    1    1    1    1    1    1    1    1  0.00000E+00 0.00000 
    8    8    1    1    1    1    1    1    1    1  0.00000E+00 0.00000 
    9    9    1    1    1    1    1    1    1    1  0.00000E+00 0.00000 
   10   10    1    1    1    1    1    1    1    1  3.02780E+11 1.00000 
   11   11    1    1    1    1    1    1    1    1  0.00000E+00 0.00000 
   12   12    1    1    1    1    1    1    1    1  0.00000E+00 0.00000 
   13   13    1    1    1    1    1    1    1    1  3.73672E+11 1.00000 
   14   14    1    1    1    1    1    1    1    1  3.24018E+12 0.27634 
   15   15    1    1    1    1    1    1    1    1  1.72714E+13 0.27618 
   16   16    1    1    1    1    1    1    1    1  3.04644E+13 0.17560 
   17   17    1    1    1    1    1    1    1    1  8.84883E+13 0.13854 
   18   18    1    1    1    1    1    1    1    1  1.49951E+14 0.12547 
   19   19    1    1    1    1    1    1    1    1  2.40153E+14 0.11087 
   20   20    1    1    1    1    1    1    1    1  3.34867E+14 0.09803 
   21   21    1    1    1    1    1    1    1    1  4.90084E+14 0.09216 
   22   22    1    1    1    1    1    1    1    1  5.96427E+14 0.08113 
   23   23    1    1    1    1    1    1    1    1  8.75079E+14 0.06262 
   24   24    1    1    1    1    1    1    1    1  1.55182E+15 0.05021 
   25   25    1    1    1    1    1    1    1    1  2.31166E+15 0.04719 
   26   26    1    1    1    1    1    1    1    1  3.24653E+15 0.04222 
   27   27    1    1    1    1    1    1    1    1  4.13037E+15 0.03789 
   28   28    1    1    1    1    1    1    1    1  4.98006E+15 0.03294 
   29   29    1    1    1    1    1    1    1    1  6.09207E+15 0.03274 
   30   30    1    1    1    1    1    1    1    1  7.27770E+15 0.02994 
   31   31    1    1    1    1    1    1    1    1  8.55063E+15 0.02773 
   32   32    1    1    1    1    1    1    1    1  9.99628E+15 0.02740 
   33   33    1    1    1    1    1    1    1    1  1.10824E+16 0.02631 
   34   34    1    1    1    1    1    1    1    1  1.28971E+16 0.02512 
   35   35    1    1    1    1    1    1    1    1  1.46301E+16 0.02114 
   36   36    1    1    1    1    1    1    1    1  1.74520E+16 0.02038 
   37   37    1    1    1    1    1    1    1    1  1.94883E+16 0.01780 
   38   38    1    1    1    1    1    1    1    1  2.16667E+16 0.02062 
   39   39    1    1    1    1    1    1    1    1  2.26711E+16 0.02168 
   40   40    1    1    1    1    1    1    1    1  2.44597E+16 0.02166 
   41   41    1    1    1    1    1    1    1    1  2.60213E+16 0.01879 
   42   42    1    1    1    1    1    1    1    1  2.90647E+16 0.01719 
   43   43    1    1    1    1    1    1    1    1  3.09902E+16 0.01477 
   44   44    1    1    1    1    1    1    1    1  3.31026E+16 0.01671 
   45   45    1    1    1    1    1    1    1    1  3.53111E+16 0.01583 
   46   46    1    1    1    1    1    1    1    1  3.70263E+16 0.01780 
   47   47    1    1    1    1    1    1    1    1  3.76847E+16 0.01882 
   48   48    1    1    1    1    1    1    1    1  3.80948E+16 0.01917 
   49   49    1    1    1    1    1    1    1    1  3.86073E+16 0.01828 
   50   50    1    1    1    1    1    1    1    1  4.01595E+16 0.02429 
   51   51    1    1    1    1    1    1    1    1  4.00636E+16 0.02317 
   52   52    1    1    1    1    1    1    1    1  4.08519E+16 0.02231 
   53   53    1    1    1    1    1    1    1    1  4.12791E+16 0.02628 
   54   54    1    1    1    1    1    1    1    1  4.17039E+16 0.02204 
   55   55    1    1    1    1    1    1    1    1  4.14458E+16 0.02369 
   56   56    1    1    1    1    1    1    1    1  4.28525E+16 0.02341 
   57   57    1    1    1    1    1    1    1    1  4.35239E+16 0.02314 
   58   58    1    1    1    1    1    1    1    1  4.17283E+16 0.02338 
   59   59    1    1    1    1    1    1    1    1  4.24411E+16 0.02254 
   60   60    1    1    1    1    1    1    1    1  4.37813E+16 0.02360 
   61   61    1    1    1    1    1    1    1    1  4.63675E+16 0.02248 
   62   62    1    1    1    1    1    1    1    1  4.38107E+16 0.02339 
   63   63    1    1    1    1    1    1    1    1  4.59642E+16 0.02454 
   64   64    1    1    1    1    1    1    1    1  4.69989E+16 0.02466 
   65   65    1    1    1    1    1    1    1    1  4.67182E+16 0.01777 
   66   66    1    1    1    1    1    1    1    1  4.73372E+16 0.01792 
   67   67    1    1    1    1    1    1    1    1  4.88834E+16 0.01800 
   68   68    1    1    1    1    1    1    1    1  4.83683E+16 0.01895 
   69   69    1    1    1    1    1    1    1    1  5.01923E+16 0.01485 
   70   70    1    1    1    1    1    1    1    1  5.28180E+16 0.01408 
   71   71    1    1    1    1    1    1    1    1  5.40653E+16 0.01456 
   72   72    1    1    1    1    1    1    1    1  5.62556E+16 0.01222 
   73   73    1    1    1    1    1    1    1    1  5.85549E+16 0.01442 
   74   74    1    1    1    1    1    1    1    1  6.02513E+16 0.01289 
   75   75    1    1    1    1    1    1    1    1  6.23603E+16 0.01204 
   76   76    1    1    1    1    1    1    1    1  6.48209E+16 0.01159 
   77   77    1    1    1    1    1    1    1    1  6.75826E+16 0.01141 
   78   78    1    1    1    1    1    1    1    1  6.94195E+16 0.01149 
   79   79    1    1    1    1    1    1    1    1  7.21464E+16 0.01246 
   80   80    1    1    1    1    1    1    1    1  7.38187E+16 0.01024 
   81   81    1    1    1    1    1    1    1    1  7.65212E+16 0.01202 
   82   82    1    1    1    1    1    1    1    1  7.85789E+16 0.01107 
   83   83    1    1    1    1    1    1    1    1  7.94188E+16 0.01260 
   84   84    1    1    1    1    1    1    1    1  8.15408E+16 0.01061 
   85   85    1    1    1    1    1    1    1    1  8.46907E+16 0.01011 
   86   86    1    1    1    1    1    1    1    1  8.50896E+16 0.01002 
   87   87    1    1    1    1    1    1    1    1  8.65226E+16 0.01130 
   88   88    1    1    1    1    1    1    1    1  9.07881E+16 0.00974 
   89   89    1    1    1    1    1    1    1    1  9.06040E+16 0.01020 
   90   90    1    1    1    1    1    1    1    1  9.32150E+16 0.01432 
   91   91    1    1    1    1    1    1    1    1  9.35699E+16 0.01414 
   92   92    1    1    1    1    1    1    1    1  9.46872E+16 0.01029 
   93   93    1    1    1    1    1    1    1    1  9.85257E+16 0.00799 
   94   94    1    1    1    1    1    1    1    1  1.03297E+17 0.00809 
   95   95    1    1    1    1    1    1    1    1  1.06132E+17 0.00829 
   96   96    1    1    1    1    1    1    1    1  1.12257E+17 0.00675 
   97   97    1    1    1    1    1    1    1    1  1.16999E+17 0.00766 
   98   98    1    1    1    1    1    1    1    1  1.21035E+17 0.00750 
   99   99    1    1    1    1    1    1    1    1  1.24858E+17 0.00674 
  100  100    1    1    1    1    1    1    1    1  1.28460E+17 0.00809 
  101  101    1    1    1    1    1    1    1    1  1.30061E+17 0.00822 
  102  102    1    1    1    1    1    1    1    1  1.32641E+17 0.00774 
  103  103    1    1    1    1    1    1    1    1  1.34600E+17 0.00848 
  104  104    1    1    1    1    1    1    1    1  1.37330E+17 0.00894 
  105  105    1    1    1    1    1    1    1    1  1.41242E+17 0.00641 
  106  106    1    1    1    1    1    1    1    1  1.48815E+17 0.00671 
  107  107    1    1    1    1    1    1    1    1  1.54437E+17 0.00635 
  108  108    1    1    1    1    1    1    1    1  1.60787E+17 0.00590 
  109  109    1    1    1    1    1    1    1    1  1.65957E+17 0.00755 
