
DETspectrum = [
    1    1    1    1    1    1    1    1    1    1  0.00000E+00 0.00000 
    2    2    1    1    1    1    1    1    1    1  0.00000E+00 0.00000 
    3    3    1    1    1    1    1    1    1    1  0.00000E+00 0.00000 
    4    4    1    1    1    1    1    1    1    1  0.00000E+00 0.00000 
    5    5    1    1    1    1    1    1    1    1  0.00000E+00 0.00000 
    6    6    1    1    1    1    1    1    1    1  0.00000E+00 0.00000 
    7    7    1    1    1    1    1    1    1    1  0.00000E+00 0.00000 
    8    8    1    1    1    1    1    1    1    1  0.00000E+00 0.00000 
    9    9    1    1    1    1    1    1    1    1  0.00000E+00 0.00000 
   10   10    1    1    1    1    1    1    1    1  2.99374E+11 1.00000 
   11   11    1    1    1    1    1    1    1    1  3.89931E+11 1.00000 
   12   12    1    1    1    1    1    1    1    1  0.00000E+00 0.00000 
   13   13    1    1    1    1    1    1    1    1  0.00000E+00 0.00000 
   14   14    1    1    1    1    1    1    1    1  7.84786E+12 0.27352 
   15   15    1    1    1    1    1    1    1    1  1.77751E+13 0.28576 
   16   16    1    1    1    1    1    1    1    1  3.83902E+13 0.15424 
   17   17    1    1    1    1    1    1    1    1  8.74809E+13 0.13677 
   18   18    1    1    1    1    1    1    1    1  1.74613E+14 0.10397 
   19   19    1    1    1    1    1    1    1    1  2.52943E+14 0.10352 
   20   20    1    1    1    1    1    1    1    1  3.78841E+14 0.08874 
   21   21    1    1    1    1    1    1    1    1  5.10840E+14 0.07245 
   22   22    1    1    1    1    1    1    1    1  6.59251E+14 0.08056 
   23   23    1    1    1    1    1    1    1    1  9.31989E+14 0.05397 
   24   24    1    1    1    1    1    1    1    1  1.57963E+15 0.04776 
   25   25    1    1    1    1    1    1    1    1  2.21249E+15 0.04300 
   26   26    1    1    1    1    1    1    1    1  3.16701E+15 0.03839 
   27   27    1    1    1    1    1    1    1    1  4.28268E+15 0.03484 
   28   28    1    1    1    1    1    1    1    1  5.34026E+15 0.03483 
   29   29    1    1    1    1    1    1    1    1  6.27889E+15 0.03255 
   30   30    1    1    1    1    1    1    1    1  7.43612E+15 0.02884 
   31   31    1    1    1    1    1    1    1    1  8.52127E+15 0.02561 
   32   32    1    1    1    1    1    1    1    1  9.76917E+15 0.02627 
   33   33    1    1    1    1    1    1    1    1  1.09459E+16 0.02523 
   34   34    1    1    1    1    1    1    1    1  1.23600E+16 0.02246 
   35   35    1    1    1    1    1    1    1    1  1.42057E+16 0.01981 
   36   36    1    1    1    1    1    1    1    1  1.69094E+16 0.01944 
   37   37    1    1    1    1    1    1    1    1  1.95320E+16 0.01749 
   38   38    1    1    1    1    1    1    1    1  2.18965E+16 0.01775 
   39   39    1    1    1    1    1    1    1    1  2.45428E+16 0.01946 
   40   40    1    1    1    1    1    1    1    1  2.46447E+16 0.02122 
   41   41    1    1    1    1    1    1    1    1  2.66755E+16 0.01796 
   42   42    1    1    1    1    1    1    1    1  2.95822E+16 0.01603 
   43   43    1    1    1    1    1    1    1    1  3.10383E+16 0.01525 
   44   44    1    1    1    1    1    1    1    1  3.39555E+16 0.01640 
   45   45    1    1    1    1    1    1    1    1  3.61241E+16 0.01503 
   46   46    1    1    1    1    1    1    1    1  3.77124E+16 0.01817 
   47   47    1    1    1    1    1    1    1    1  3.86207E+16 0.01649 
   48   48    1    1    1    1    1    1    1    1  4.01013E+16 0.01599 
   49   49    1    1    1    1    1    1    1    1  4.01144E+16 0.01673 
   50   50    1    1    1    1    1    1    1    1  4.24668E+16 0.02226 
   51   51    1    1    1    1    1    1    1    1  4.23568E+16 0.02234 
   52   52    1    1    1    1    1    1    1    1  4.10219E+16 0.02107 
   53   53    1    1    1    1    1    1    1    1  4.12467E+16 0.02355 
   54   54    1    1    1    1    1    1    1    1  4.31187E+16 0.02374 
   55   55    1    1    1    1    1    1    1    1  4.27306E+16 0.02095 
   56   56    1    1    1    1    1    1    1    1  4.30031E+16 0.02328 
   57   57    1    1    1    1    1    1    1    1  4.40841E+16 0.02156 
   58   58    1    1    1    1    1    1    1    1  4.41189E+16 0.02221 
   59   59    1    1    1    1    1    1    1    1  4.56340E+16 0.02023 
   60   60    1    1    1    1    1    1    1    1  4.65843E+16 0.02170 
   61   61    1    1    1    1    1    1    1    1  4.63354E+16 0.02114 
   62   62    1    1    1    1    1    1    1    1  4.58848E+16 0.02147 
   63   63    1    1    1    1    1    1    1    1  4.56119E+16 0.02227 
   64   64    1    1    1    1    1    1    1    1  4.67644E+16 0.02095 
   65   65    1    1    1    1    1    1    1    1  4.70799E+16 0.01620 
   66   66    1    1    1    1    1    1    1    1  4.91090E+16 0.01667 
   67   67    1    1    1    1    1    1    1    1  5.05275E+16 0.01537 
   68   68    1    1    1    1    1    1    1    1  5.09733E+16 0.01716 
   69   69    1    1    1    1    1    1    1    1  5.24959E+16 0.01425 
   70   70    1    1    1    1    1    1    1    1  5.43041E+16 0.01268 
   71   71    1    1    1    1    1    1    1    1  5.61270E+16 0.01283 
   72   72    1    1    1    1    1    1    1    1  5.70154E+16 0.01343 
   73   73    1    1    1    1    1    1    1    1  5.82105E+16 0.01251 
   74   74    1    1    1    1    1    1    1    1  6.01510E+16 0.01202 
   75   75    1    1    1    1    1    1    1    1  6.38801E+16 0.01192 
   76   76    1    1    1    1    1    1    1    1  6.63962E+16 0.01065 
   77   77    1    1    1    1    1    1    1    1  6.90887E+16 0.01169 
   78   78    1    1    1    1    1    1    1    1  7.09066E+16 0.01093 
   79   79    1    1    1    1    1    1    1    1  7.30610E+16 0.01279 
   80   80    1    1    1    1    1    1    1    1  7.44847E+16 0.01044 
   81   81    1    1    1    1    1    1    1    1  7.76992E+16 0.01054 
   82   82    1    1    1    1    1    1    1    1  7.87264E+16 0.01012 
   83   83    1    1    1    1    1    1    1    1  8.03343E+16 0.01198 
   84   84    1    1    1    1    1    1    1    1  8.21258E+16 0.01104 
   85   85    1    1    1    1    1    1    1    1  8.40269E+16 0.01052 
   86   86    1    1    1    1    1    1    1    1  8.59312E+16 0.00970 
   87   87    1    1    1    1    1    1    1    1  8.86646E+16 0.01113 
   88   88    1    1    1    1    1    1    1    1  9.04402E+16 0.01083 
   89   89    1    1    1    1    1    1    1    1  9.28692E+16 0.00984 
   90   90    1    1    1    1    1    1    1    1  9.42091E+16 0.01691 
   91   91    1    1    1    1    1    1    1    1  9.54275E+16 0.01396 
   92   92    1    1    1    1    1    1    1    1  9.76889E+16 0.00988 
   93   93    1    1    1    1    1    1    1    1  9.95316E+16 0.00815 
   94   94    1    1    1    1    1    1    1    1  1.03675E+17 0.00834 
   95   95    1    1    1    1    1    1    1    1  1.07544E+17 0.00772 
   96   96    1    1    1    1    1    1    1    1  1.13759E+17 0.00620 
   97   97    1    1    1    1    1    1    1    1  1.19499E+17 0.00771 
   98   98    1    1    1    1    1    1    1    1  1.22751E+17 0.00709 
   99   99    1    1    1    1    1    1    1    1  1.25669E+17 0.00645 
  100  100    1    1    1    1    1    1    1    1  1.30371E+17 0.00787 
  101  101    1    1    1    1    1    1    1    1  1.32319E+17 0.00768 
  102  102    1    1    1    1    1    1    1    1  1.33852E+17 0.00727 
  103  103    1    1    1    1    1    1    1    1  1.37266E+17 0.00785 
  104  104    1    1    1    1    1    1    1    1  1.39975E+17 0.00813 
  105  105    1    1    1    1    1    1    1    1  1.43123E+17 0.00578 
  106  106    1    1    1    1    1    1    1    1  1.50575E+17 0.00616 
  107  107    1    1    1    1    1    1    1    1  1.55306E+17 0.00588 
  108  108    1    1    1    1    1    1    1    1  1.60656E+17 0.00527 
  109  109    1    1    1    1    1    1    1    1  1.65333E+17 0.00664 
