
DETspectrum = [
    1    1    1    1    1    1    1    1    1    1  0.00000E+00 0.00000 
    2    2    1    1    1    1    1    1    1    1  0.00000E+00 0.00000 
    3    3    1    1    1    1    1    1    1    1  0.00000E+00 0.00000 
    4    4    1    1    1    1    1    1    1    1  0.00000E+00 0.00000 
    5    5    1    1    1    1    1    1    1    1  0.00000E+00 0.00000 
    6    6    1    1    1    1    1    1    1    1  0.00000E+00 0.00000 
    7    7    1    1    1    1    1    1    1    1  0.00000E+00 0.00000 
    8    8    1    1    1    1    1    1    1    1  0.00000E+00 0.00000 
    9    9    1    1    1    1    1    1    1    1  0.00000E+00 0.00000 
   10   10    1    1    1    1    1    1    1    1  3.03970E+11 1.00000 
   11   11    1    1    1    1    1    1    1    1  0.00000E+00 0.00000 
   12   12    1    1    1    1    1    1    1    1  0.00000E+00 0.00000 
   13   13    1    1    1    1    1    1    1    1  1.10404E+12 0.57356 
   14   14    1    1    1    1    1    1    1    1  4.05008E+12 0.32060 
   15   15    1    1    1    1    1    1    1    1  1.95776E+13 0.26177 
   16   16    1    1    1    1    1    1    1    1  2.93480E+13 0.19237 
   17   17    1    1    1    1    1    1    1    1  8.19874E+13 0.14497 
   18   18    1    1    1    1    1    1    1    1  1.46021E+14 0.12867 
   19   19    1    1    1    1    1    1    1    1  2.14246E+14 0.10657 
   20   20    1    1    1    1    1    1    1    1  3.69926E+14 0.08896 
   21   21    1    1    1    1    1    1    1    1  4.82873E+14 0.08235 
   22   22    1    1    1    1    1    1    1    1  6.59532E+14 0.07454 
   23   23    1    1    1    1    1    1    1    1  9.94043E+14 0.06108 
   24   24    1    1    1    1    1    1    1    1  1.58579E+15 0.05105 
   25   25    1    1    1    1    1    1    1    1  2.19724E+15 0.04712 
   26   26    1    1    1    1    1    1    1    1  3.25472E+15 0.04104 
   27   27    1    1    1    1    1    1    1    1  4.11021E+15 0.03552 
   28   28    1    1    1    1    1    1    1    1  4.97844E+15 0.03462 
   29   29    1    1    1    1    1    1    1    1  6.20199E+15 0.03253 
   30   30    1    1    1    1    1    1    1    1  7.25901E+15 0.03252 
   31   31    1    1    1    1    1    1    1    1  8.41615E+15 0.02922 
   32   32    1    1    1    1    1    1    1    1  9.48077E+15 0.02845 
   33   33    1    1    1    1    1    1    1    1  1.09901E+16 0.02483 
   34   34    1    1    1    1    1    1    1    1  1.20717E+16 0.02411 
   35   35    1    1    1    1    1    1    1    1  1.46654E+16 0.02259 
   36   36    1    1    1    1    1    1    1    1  1.70493E+16 0.02080 
   37   37    1    1    1    1    1    1    1    1  1.97500E+16 0.02018 
   38   38    1    1    1    1    1    1    1    1  2.22123E+16 0.01976 
   39   39    1    1    1    1    1    1    1    1  2.38082E+16 0.01970 
   40   40    1    1    1    1    1    1    1    1  2.51654E+16 0.01997 
   41   41    1    1    1    1    1    1    1    1  2.67659E+16 0.01684 
   42   42    1    1    1    1    1    1    1    1  2.94147E+16 0.01684 
   43   43    1    1    1    1    1    1    1    1  3.14054E+16 0.01705 
   44   44    1    1    1    1    1    1    1    1  3.36831E+16 0.01607 
   45   45    1    1    1    1    1    1    1    1  3.58049E+16 0.01402 
   46   46    1    1    1    1    1    1    1    1  3.72396E+16 0.01741 
   47   47    1    1    1    1    1    1    1    1  3.86805E+16 0.01766 
   48   48    1    1    1    1    1    1    1    1  3.93218E+16 0.01674 
   49   49    1    1    1    1    1    1    1    1  4.12338E+16 0.01581 
   50   50    1    1    1    1    1    1    1    1  4.26451E+16 0.02162 
   51   51    1    1    1    1    1    1    1    1  4.29053E+16 0.02306 
   52   52    1    1    1    1    1    1    1    1  4.21038E+16 0.02231 
   53   53    1    1    1    1    1    1    1    1  4.19319E+16 0.02270 
   54   54    1    1    1    1    1    1    1    1  4.25378E+16 0.02243 
   55   55    1    1    1    1    1    1    1    1  4.29830E+16 0.02301 
   56   56    1    1    1    1    1    1    1    1  4.30338E+16 0.02218 
   57   57    1    1    1    1    1    1    1    1  4.29097E+16 0.02157 
   58   58    1    1    1    1    1    1    1    1  4.46126E+16 0.02268 
   59   59    1    1    1    1    1    1    1    1  4.46052E+16 0.02190 
   60   60    1    1    1    1    1    1    1    1  4.41304E+16 0.02416 
   61   61    1    1    1    1    1    1    1    1  4.50104E+16 0.02175 
   62   62    1    1    1    1    1    1    1    1  4.49936E+16 0.02387 
   63   63    1    1    1    1    1    1    1    1  4.54961E+16 0.02352 
   64   64    1    1    1    1    1    1    1    1  4.78718E+16 0.02134 
   65   65    1    1    1    1    1    1    1    1  4.81830E+16 0.01609 
   66   66    1    1    1    1    1    1    1    1  4.83576E+16 0.01484 
   67   67    1    1    1    1    1    1    1    1  4.95975E+16 0.01486 
   68   68    1    1    1    1    1    1    1    1  4.98841E+16 0.01690 
   69   69    1    1    1    1    1    1    1    1  5.17776E+16 0.01372 
   70   70    1    1    1    1    1    1    1    1  5.32076E+16 0.01325 
   71   71    1    1    1    1    1    1    1    1  5.48867E+16 0.01390 
   72   72    1    1    1    1    1    1    1    1  5.76402E+16 0.01429 
   73   73    1    1    1    1    1    1    1    1  5.77072E+16 0.01262 
   74   74    1    1    1    1    1    1    1    1  5.93599E+16 0.01141 
   75   75    1    1    1    1    1    1    1    1  6.35544E+16 0.01145 
   76   76    1    1    1    1    1    1    1    1  6.52964E+16 0.01187 
   77   77    1    1    1    1    1    1    1    1  6.77363E+16 0.01191 
   78   78    1    1    1    1    1    1    1    1  7.07730E+16 0.01135 
   79   79    1    1    1    1    1    1    1    1  7.27456E+16 0.01125 
   80   80    1    1    1    1    1    1    1    1  7.44292E+16 0.01092 
   81   81    1    1    1    1    1    1    1    1  7.59039E+16 0.01203 
   82   82    1    1    1    1    1    1    1    1  7.85845E+16 0.01140 
   83   83    1    1    1    1    1    1    1    1  7.99574E+16 0.01167 
   84   84    1    1    1    1    1    1    1    1  8.19660E+16 0.01046 
   85   85    1    1    1    1    1    1    1    1  8.37067E+16 0.00977 
   86   86    1    1    1    1    1    1    1    1  8.52012E+16 0.01066 
   87   87    1    1    1    1    1    1    1    1  8.67059E+16 0.00883 
   88   88    1    1    1    1    1    1    1    1  8.97060E+16 0.01025 
   89   89    1    1    1    1    1    1    1    1  9.24771E+16 0.01007 
   90   90    1    1    1    1    1    1    1    1  9.53317E+16 0.01398 
   91   91    1    1    1    1    1    1    1    1  9.27146E+16 0.01275 
   92   92    1    1    1    1    1    1    1    1  9.38631E+16 0.01054 
   93   93    1    1    1    1    1    1    1    1  9.77498E+16 0.00807 
   94   94    1    1    1    1    1    1    1    1  1.02308E+17 0.00811 
   95   95    1    1    1    1    1    1    1    1  1.05995E+17 0.00758 
   96   96    1    1    1    1    1    1    1    1  1.12100E+17 0.00632 
   97   97    1    1    1    1    1    1    1    1  1.17429E+17 0.00750 
   98   98    1    1    1    1    1    1    1    1  1.20799E+17 0.00670 
   99   99    1    1    1    1    1    1    1    1  1.26009E+17 0.00677 
  100  100    1    1    1    1    1    1    1    1  1.29426E+17 0.00748 
  101  101    1    1    1    1    1    1    1    1  1.31797E+17 0.00734 
  102  102    1    1    1    1    1    1    1    1  1.32727E+17 0.00675 
  103  103    1    1    1    1    1    1    1    1  1.35923E+17 0.00688 
  104  104    1    1    1    1    1    1    1    1  1.38975E+17 0.00920 
  105  105    1    1    1    1    1    1    1    1  1.42280E+17 0.00572 
  106  106    1    1    1    1    1    1    1    1  1.49753E+17 0.00574 
  107  107    1    1    1    1    1    1    1    1  1.54892E+17 0.00565 
  108  108    1    1    1    1    1    1    1    1  1.60478E+17 0.00517 
  109  109    1    1    1    1    1    1    1    1  1.66070E+17 0.00628 
