
DETspectrum = [
    1    1    1    1    1    1    1    1    1    1  0.00000E+00 0.00000 
    2    2    1    1    1    1    1    1    1    1  0.00000E+00 0.00000 
    3    3    1    1    1    1    1    1    1    1  0.00000E+00 0.00000 
    4    4    1    1    1    1    1    1    1    1  0.00000E+00 0.00000 
    5    5    1    1    1    1    1    1    1    1  0.00000E+00 0.00000 
    6    6    1    1    1    1    1    1    1    1  0.00000E+00 0.00000 
    7    7    1    1    1    1    1    1    1    1  0.00000E+00 0.00000 
    8    8    1    1    1    1    1    1    1    1  0.00000E+00 0.00000 
    9    9    1    1    1    1    1    1    1    1  0.00000E+00 0.00000 
   10   10    1    1    1    1    1    1    1    1  0.00000E+00 0.00000 
   11   11    1    1    1    1    1    1    1    1  4.28355E+11 1.00000 
   12   12    1    1    1    1    1    1    1    1  7.33295E+11 0.74214 
   13   13    1    1    1    1    1    1    1    1  1.12662E+12 0.57380 
   14   14    1    1    1    1    1    1    1    1  6.07604E+12 0.26439 
   15   15    1    1    1    1    1    1    1    1  2.73922E+13 0.19816 
   16   16    1    1    1    1    1    1    1    1  4.54437E+13 0.15673 
   17   17    1    1    1    1    1    1    1    1  1.00704E+14 0.13554 
   18   18    1    1    1    1    1    1    1    1  1.45294E+14 0.11475 
   19   19    1    1    1    1    1    1    1    1  2.26816E+14 0.10150 
   20   20    1    1    1    1    1    1    1    1  3.48880E+14 0.08176 
   21   21    1    1    1    1    1    1    1    1  4.66296E+14 0.08245 
   22   22    1    1    1    1    1    1    1    1  6.52822E+14 0.08268 
   23   23    1    1    1    1    1    1    1    1  9.76769E+14 0.05806 
   24   24    1    1    1    1    1    1    1    1  1.59764E+15 0.04613 
   25   25    1    1    1    1    1    1    1    1  2.34850E+15 0.04282 
   26   26    1    1    1    1    1    1    1    1  3.24441E+15 0.03739 
   27   27    1    1    1    1    1    1    1    1  4.34436E+15 0.03452 
   28   28    1    1    1    1    1    1    1    1  5.35964E+15 0.03036 
   29   29    1    1    1    1    1    1    1    1  6.65624E+15 0.02913 
   30   30    1    1    1    1    1    1    1    1  7.81803E+15 0.02537 
   31   31    1    1    1    1    1    1    1    1  9.30655E+15 0.02603 
   32   32    1    1    1    1    1    1    1    1  1.07235E+16 0.02393 
   33   33    1    1    1    1    1    1    1    1  1.17865E+16 0.02396 
   34   34    1    1    1    1    1    1    1    1  1.29515E+16 0.02204 
   35   35    1    1    1    1    1    1    1    1  1.47307E+16 0.01932 
   36   36    1    1    1    1    1    1    1    1  1.71241E+16 0.01783 
   37   37    1    1    1    1    1    1    1    1  1.97253E+16 0.01844 
   38   38    1    1    1    1    1    1    1    1  2.24583E+16 0.01860 
   39   39    1    1    1    1    1    1    1    1  2.36360E+16 0.02141 
   40   40    1    1    1    1    1    1    1    1  2.54543E+16 0.02395 
   41   41    1    1    1    1    1    1    1    1  2.68175E+16 0.01731 
   42   42    1    1    1    1    1    1    1    1  2.87119E+16 0.01664 
   43   43    1    1    1    1    1    1    1    1  3.15153E+16 0.01570 
   44   44    1    1    1    1    1    1    1    1  3.42359E+16 0.01668 
   45   45    1    1    1    1    1    1    1    1  3.58972E+16 0.01485 
   46   46    1    1    1    1    1    1    1    1  3.73983E+16 0.01658 
   47   47    1    1    1    1    1    1    1    1  3.81720E+16 0.01748 
   48   48    1    1    1    1    1    1    1    1  3.81481E+16 0.01883 
   49   49    1    1    1    1    1    1    1    1  4.05365E+16 0.01854 
   50   50    1    1    1    1    1    1    1    1  3.98896E+16 0.02445 
   51   51    1    1    1    1    1    1    1    1  3.99858E+16 0.02202 
   52   52    1    1    1    1    1    1    1    1  4.00868E+16 0.02211 
   53   53    1    1    1    1    1    1    1    1  4.25552E+16 0.02309 
   54   54    1    1    1    1    1    1    1    1  4.16407E+16 0.02392 
   55   55    1    1    1    1    1    1    1    1  4.35567E+16 0.02239 
   56   56    1    1    1    1    1    1    1    1  4.34414E+16 0.02140 
   57   57    1    1    1    1    1    1    1    1  4.25546E+16 0.02215 
   58   58    1    1    1    1    1    1    1    1  4.34428E+16 0.02263 
   59   59    1    1    1    1    1    1    1    1  4.53543E+16 0.02391 
   60   60    1    1    1    1    1    1    1    1  4.47570E+16 0.02391 
   61   61    1    1    1    1    1    1    1    1  4.63578E+16 0.02403 
   62   62    1    1    1    1    1    1    1    1  4.49638E+16 0.02314 
   63   63    1    1    1    1    1    1    1    1  4.51640E+16 0.02201 
   64   64    1    1    1    1    1    1    1    1  4.56036E+16 0.02016 
   65   65    1    1    1    1    1    1    1    1  4.68418E+16 0.01685 
   66   66    1    1    1    1    1    1    1    1  4.76125E+16 0.01702 
   67   67    1    1    1    1    1    1    1    1  4.80521E+16 0.01681 
   68   68    1    1    1    1    1    1    1    1  4.89814E+16 0.01711 
   69   69    1    1    1    1    1    1    1    1  5.12922E+16 0.01265 
   70   70    1    1    1    1    1    1    1    1  5.32374E+16 0.01379 
   71   71    1    1    1    1    1    1    1    1  5.34806E+16 0.01314 
   72   72    1    1    1    1    1    1    1    1  5.63056E+16 0.01403 
   73   73    1    1    1    1    1    1    1    1  5.82427E+16 0.01329 
   74   74    1    1    1    1    1    1    1    1  6.01665E+16 0.01264 
   75   75    1    1    1    1    1    1    1    1  6.25208E+16 0.01224 
   76   76    1    1    1    1    1    1    1    1  6.55406E+16 0.01135 
   77   77    1    1    1    1    1    1    1    1  6.80146E+16 0.01213 
   78   78    1    1    1    1    1    1    1    1  6.91903E+16 0.01234 
   79   79    1    1    1    1    1    1    1    1  7.06216E+16 0.01220 
   80   80    1    1    1    1    1    1    1    1  7.21056E+16 0.01150 
   81   81    1    1    1    1    1    1    1    1  7.51888E+16 0.01137 
   82   82    1    1    1    1    1    1    1    1  7.74475E+16 0.01045 
   83   83    1    1    1    1    1    1    1    1  8.12122E+16 0.01124 
   84   84    1    1    1    1    1    1    1    1  8.24534E+16 0.01155 
   85   85    1    1    1    1    1    1    1    1  8.28037E+16 0.01091 
   86   86    1    1    1    1    1    1    1    1  8.49618E+16 0.01110 
   87   87    1    1    1    1    1    1    1    1  8.71704E+16 0.01211 
   88   88    1    1    1    1    1    1    1    1  8.98629E+16 0.01034 
   89   89    1    1    1    1    1    1    1    1  9.18932E+16 0.01087 
   90   90    1    1    1    1    1    1    1    1  9.31605E+16 0.01523 
   91   91    1    1    1    1    1    1    1    1  9.33581E+16 0.01306 
   92   92    1    1    1    1    1    1    1    1  9.37813E+16 0.01100 
   93   93    1    1    1    1    1    1    1    1  9.80977E+16 0.00864 
   94   94    1    1    1    1    1    1    1    1  1.03271E+17 0.00883 
   95   95    1    1    1    1    1    1    1    1  1.06203E+17 0.00778 
   96   96    1    1    1    1    1    1    1    1  1.11785E+17 0.00681 
   97   97    1    1    1    1    1    1    1    1  1.17546E+17 0.00847 
   98   98    1    1    1    1    1    1    1    1  1.20256E+17 0.00817 
   99   99    1    1    1    1    1    1    1    1  1.25212E+17 0.00685 
  100  100    1    1    1    1    1    1    1    1  1.27878E+17 0.00841 
  101  101    1    1    1    1    1    1    1    1  1.30969E+17 0.00871 
  102  102    1    1    1    1    1    1    1    1  1.31448E+17 0.00845 
  103  103    1    1    1    1    1    1    1    1  1.35576E+17 0.00821 
  104  104    1    1    1    1    1    1    1    1  1.37894E+17 0.00903 
  105  105    1    1    1    1    1    1    1    1  1.41096E+17 0.00641 
  106  106    1    1    1    1    1    1    1    1  1.49655E+17 0.00612 
  107  107    1    1    1    1    1    1    1    1  1.54834E+17 0.00627 
  108  108    1    1    1    1    1    1    1    1  1.60932E+17 0.00598 
  109  109    1    1    1    1    1    1    1    1  1.65453E+17 0.00792 
