
DETspectrum = [
    1    1    1    1    1    1    1    1    1    1  0.00000E+00 0.00000 
    2    2    1    1    1    1    1    1    1    1  0.00000E+00 0.00000 
    3    3    1    1    1    1    1    1    1    1  0.00000E+00 0.00000 
    4    4    1    1    1    1    1    1    1    1  0.00000E+00 0.00000 
    5    5    1    1    1    1    1    1    1    1  0.00000E+00 0.00000 
    6    6    1    1    1    1    1    1    1    1  0.00000E+00 0.00000 
    7    7    1    1    1    1    1    1    1    1  0.00000E+00 0.00000 
    8    8    1    1    1    1    1    1    1    1  0.00000E+00 0.00000 
    9    9    1    1    1    1    1    1    1    1  0.00000E+00 0.00000 
   10   10    1    1    1    1    1    1    1    1  0.00000E+00 0.00000 
   11   11    1    1    1    1    1    1    1    1  0.00000E+00 0.00000 
   12   12    1    1    1    1    1    1    1    1  4.98065E+11 0.70473 
   13   13    1    1    1    1    1    1    1    1  1.08661E+12 0.74619 
   14   14    1    1    1    1    1    1    1    1  1.21940E+13 0.19927 
   15   15    1    1    1    1    1    1    1    1  3.77056E+13 0.23030 
   16   16    1    1    1    1    1    1    1    1  4.88038E+13 0.18008 
   17   17    1    1    1    1    1    1    1    1  9.11496E+13 0.14638 
   18   18    1    1    1    1    1    1    1    1  1.56768E+14 0.09968 
   19   19    1    1    1    1    1    1    1    1  2.92789E+14 0.12489 
   20   20    1    1    1    1    1    1    1    1  4.24694E+14 0.08059 
   21   21    1    1    1    1    1    1    1    1  4.96222E+14 0.07402 
   22   22    1    1    1    1    1    1    1    1  6.40103E+14 0.07348 
   23   23    1    1    1    1    1    1    1    1  9.66804E+14 0.05393 
   24   24    1    1    1    1    1    1    1    1  1.50843E+15 0.04664 
   25   25    1    1    1    1    1    1    1    1  2.35515E+15 0.03966 
   26   26    1    1    1    1    1    1    1    1  3.36097E+15 0.03608 
   27   27    1    1    1    1    1    1    1    1  4.10726E+15 0.03430 
   28   28    1    1    1    1    1    1    1    1  4.99779E+15 0.03380 
   29   29    1    1    1    1    1    1    1    1  6.29413E+15 0.03358 
   30   30    1    1    1    1    1    1    1    1  7.64195E+15 0.03013 
   31   31    1    1    1    1    1    1    1    1  8.99087E+15 0.02815 
   32   32    1    1    1    1    1    1    1    1  9.91840E+15 0.02477 
   33   33    1    1    1    1    1    1    1    1  1.13049E+16 0.02718 
   34   34    1    1    1    1    1    1    1    1  1.23279E+16 0.02450 
   35   35    1    1    1    1    1    1    1    1  1.42249E+16 0.02264 
   36   36    1    1    1    1    1    1    1    1  1.71380E+16 0.02192 
   37   37    1    1    1    1    1    1    1    1  1.95900E+16 0.02020 
   38   38    1    1    1    1    1    1    1    1  2.13779E+16 0.01764 
   39   39    1    1    1    1    1    1    1    1  2.33785E+16 0.02011 
   40   40    1    1    1    1    1    1    1    1  2.47992E+16 0.02130 
   41   41    1    1    1    1    1    1    1    1  2.59421E+16 0.01899 
   42   42    1    1    1    1    1    1    1    1  2.81869E+16 0.01631 
   43   43    1    1    1    1    1    1    1    1  3.07330E+16 0.01601 
   44   44    1    1    1    1    1    1    1    1  3.33787E+16 0.01567 
   45   45    1    1    1    1    1    1    1    1  3.54304E+16 0.01637 
   46   46    1    1    1    1    1    1    1    1  3.68334E+16 0.01736 
   47   47    1    1    1    1    1    1    1    1  3.86536E+16 0.01839 
   48   48    1    1    1    1    1    1    1    1  3.95581E+16 0.01784 
   49   49    1    1    1    1    1    1    1    1  4.00513E+16 0.01783 
   50   50    1    1    1    1    1    1    1    1  4.07727E+16 0.02254 
   51   51    1    1    1    1    1    1    1    1  4.27717E+16 0.02491 
   52   52    1    1    1    1    1    1    1    1  4.17466E+16 0.02311 
   53   53    1    1    1    1    1    1    1    1  4.19973E+16 0.02297 
   54   54    1    1    1    1    1    1    1    1  4.18338E+16 0.02257 
   55   55    1    1    1    1    1    1    1    1  4.28224E+16 0.02358 
   56   56    1    1    1    1    1    1    1    1  4.27416E+16 0.02221 
   57   57    1    1    1    1    1    1    1    1  4.50898E+16 0.02217 
   58   58    1    1    1    1    1    1    1    1  4.41546E+16 0.02059 
   59   59    1    1    1    1    1    1    1    1  4.39046E+16 0.02152 
   60   60    1    1    1    1    1    1    1    1  4.53367E+16 0.02395 
   61   61    1    1    1    1    1    1    1    1  4.67321E+16 0.02027 
   62   62    1    1    1    1    1    1    1    1  4.45870E+16 0.01990 
   63   63    1    1    1    1    1    1    1    1  4.60710E+16 0.02129 
   64   64    1    1    1    1    1    1    1    1  4.60821E+16 0.02019 
   65   65    1    1    1    1    1    1    1    1  4.60154E+16 0.01730 
   66   66    1    1    1    1    1    1    1    1  4.67700E+16 0.01566 
   67   67    1    1    1    1    1    1    1    1  4.72358E+16 0.01836 
   68   68    1    1    1    1    1    1    1    1  4.83563E+16 0.01586 
   69   69    1    1    1    1    1    1    1    1  5.03410E+16 0.01231 
   70   70    1    1    1    1    1    1    1    1  5.19753E+16 0.01332 
   71   71    1    1    1    1    1    1    1    1  5.45126E+16 0.01438 
   72   72    1    1    1    1    1    1    1    1  5.55908E+16 0.01202 
   73   73    1    1    1    1    1    1    1    1  5.71216E+16 0.01301 
   74   74    1    1    1    1    1    1    1    1  5.99869E+16 0.01215 
   75   75    1    1    1    1    1    1    1    1  6.19556E+16 0.01102 
   76   76    1    1    1    1    1    1    1    1  6.45280E+16 0.01044 
   77   77    1    1    1    1    1    1    1    1  6.77389E+16 0.01122 
   78   78    1    1    1    1    1    1    1    1  7.04314E+16 0.01216 
   79   79    1    1    1    1    1    1    1    1  7.24792E+16 0.01266 
   80   80    1    1    1    1    1    1    1    1  7.37499E+16 0.01015 
   81   81    1    1    1    1    1    1    1    1  7.57117E+16 0.01045 
   82   82    1    1    1    1    1    1    1    1  7.72278E+16 0.01080 
   83   83    1    1    1    1    1    1    1    1  8.14965E+16 0.01059 
   84   84    1    1    1    1    1    1    1    1  8.29760E+16 0.00997 
   85   85    1    1    1    1    1    1    1    1  8.49029E+16 0.01045 
   86   86    1    1    1    1    1    1    1    1  8.56207E+16 0.01069 
   87   87    1    1    1    1    1    1    1    1  8.71827E+16 0.01053 
   88   88    1    1    1    1    1    1    1    1  9.07459E+16 0.01051 
   89   89    1    1    1    1    1    1    1    1  9.25547E+16 0.00972 
   90   90    1    1    1    1    1    1    1    1  9.34432E+16 0.01579 
   91   91    1    1    1    1    1    1    1    1  9.32888E+16 0.01185 
   92   92    1    1    1    1    1    1    1    1  9.61290E+16 0.01058 
   93   93    1    1    1    1    1    1    1    1  9.93303E+16 0.00747 
   94   94    1    1    1    1    1    1    1    1  1.04493E+17 0.00822 
   95   95    1    1    1    1    1    1    1    1  1.06849E+17 0.00782 
   96   96    1    1    1    1    1    1    1    1  1.13377E+17 0.00706 
   97   97    1    1    1    1    1    1    1    1  1.17515E+17 0.00812 
   98   98    1    1    1    1    1    1    1    1  1.21513E+17 0.00721 
   99   99    1    1    1    1    1    1    1    1  1.26333E+17 0.00663 
  100  100    1    1    1    1    1    1    1    1  1.29250E+17 0.00777 
  101  101    1    1    1    1    1    1    1    1  1.31575E+17 0.00830 
  102  102    1    1    1    1    1    1    1    1  1.33101E+17 0.00759 
  103  103    1    1    1    1    1    1    1    1  1.35864E+17 0.00808 
  104  104    1    1    1    1    1    1    1    1  1.36859E+17 0.00933 
  105  105    1    1    1    1    1    1    1    1  1.42280E+17 0.00567 
  106  106    1    1    1    1    1    1    1    1  1.49421E+17 0.00577 
  107  107    1    1    1    1    1    1    1    1  1.55243E+17 0.00627 
  108  108    1    1    1    1    1    1    1    1  1.61626E+17 0.00507 
  109  109    1    1    1    1    1    1    1    1  1.65949E+17 0.00711 
