
DETspectrum = [
    1    1    1    1    1    1    1    1    1    1  0.00000E+00 0.00000 
    2    2    1    1    1    1    1    1    1    1  0.00000E+00 0.00000 
    3    3    1    1    1    1    1    1    1    1  0.00000E+00 0.00000 
    4    4    1    1    1    1    1    1    1    1  0.00000E+00 0.00000 
    5    5    1    1    1    1    1    1    1    1  0.00000E+00 0.00000 
    6    6    1    1    1    1    1    1    1    1  0.00000E+00 0.00000 
    7    7    1    1    1    1    1    1    1    1  0.00000E+00 0.00000 
    8    8    1    1    1    1    1    1    1    1  0.00000E+00 0.00000 
    9    9    1    1    1    1    1    1    1    1  0.00000E+00 0.00000 
   10   10    1    1    1    1    1    1    1    1  3.07552E+11 1.00000 
   11   11    1    1    1    1    1    1    1    1  0.00000E+00 0.00000 
   12   12    1    1    1    1    1    1    1    1  2.40667E+11 1.00000 
   13   13    1    1    1    1    1    1    1    1  1.08796E+12 0.74355 
   14   14    1    1    1    1    1    1    1    1  8.19975E+12 0.25582 
   15   15    1    1    1    1    1    1    1    1  2.23835E+13 0.23789 
   16   16    1    1    1    1    1    1    1    1  4.80774E+13 0.20610 
   17   17    1    1    1    1    1    1    1    1  8.26778E+13 0.14199 
   18   18    1    1    1    1    1    1    1    1  1.56028E+14 0.13171 
   19   19    1    1    1    1    1    1    1    1  2.55026E+14 0.11497 
   20   20    1    1    1    1    1    1    1    1  3.88938E+14 0.09594 
   21   21    1    1    1    1    1    1    1    1  6.01425E+14 0.08291 
   22   22    1    1    1    1    1    1    1    1  7.07516E+14 0.07905 
   23   23    1    1    1    1    1    1    1    1  9.60658E+14 0.06550 
   24   24    1    1    1    1    1    1    1    1  1.53451E+15 0.04984 
   25   25    1    1    1    1    1    1    1    1  2.33583E+15 0.04485 
   26   26    1    1    1    1    1    1    1    1  3.06588E+15 0.04081 
   27   27    1    1    1    1    1    1    1    1  4.06285E+15 0.03803 
   28   28    1    1    1    1    1    1    1    1  5.15022E+15 0.03527 
   29   29    1    1    1    1    1    1    1    1  6.12235E+15 0.03277 
   30   30    1    1    1    1    1    1    1    1  7.39579E+15 0.03119 
   31   31    1    1    1    1    1    1    1    1  8.63371E+15 0.02617 
   32   32    1    1    1    1    1    1    1    1  9.72510E+15 0.02675 
   33   33    1    1    1    1    1    1    1    1  1.07692E+16 0.02667 
   34   34    1    1    1    1    1    1    1    1  1.25177E+16 0.02704 
   35   35    1    1    1    1    1    1    1    1  1.41056E+16 0.02403 
   36   36    1    1    1    1    1    1    1    1  1.66668E+16 0.02166 
   37   37    1    1    1    1    1    1    1    1  1.89999E+16 0.02109 
   38   38    1    1    1    1    1    1    1    1  2.14717E+16 0.02033 
   39   39    1    1    1    1    1    1    1    1  2.37485E+16 0.02293 
   40   40    1    1    1    1    1    1    1    1  2.44249E+16 0.02126 
   41   41    1    1    1    1    1    1    1    1  2.66139E+16 0.01900 
   42   42    1    1    1    1    1    1    1    1  2.85677E+16 0.01705 
   43   43    1    1    1    1    1    1    1    1  3.03647E+16 0.01644 
   44   44    1    1    1    1    1    1    1    1  3.24575E+16 0.01653 
   45   45    1    1    1    1    1    1    1    1  3.55084E+16 0.01621 
   46   46    1    1    1    1    1    1    1    1  3.62765E+16 0.01935 
   47   47    1    1    1    1    1    1    1    1  3.74700E+16 0.01877 
   48   48    1    1    1    1    1    1    1    1  3.91778E+16 0.01766 
   49   49    1    1    1    1    1    1    1    1  4.00192E+16 0.01571 
   50   50    1    1    1    1    1    1    1    1  3.99883E+16 0.02254 
   51   51    1    1    1    1    1    1    1    1  4.14414E+16 0.02337 
   52   52    1    1    1    1    1    1    1    1  4.08380E+16 0.02353 
   53   53    1    1    1    1    1    1    1    1  4.16889E+16 0.02312 
   54   54    1    1    1    1    1    1    1    1  4.12575E+16 0.02704 
   55   55    1    1    1    1    1    1    1    1  4.11867E+16 0.02046 
   56   56    1    1    1    1    1    1    1    1  4.29382E+16 0.02227 
   57   57    1    1    1    1    1    1    1    1  4.23326E+16 0.02240 
   58   58    1    1    1    1    1    1    1    1  4.31175E+16 0.02419 
   59   59    1    1    1    1    1    1    1    1  4.31209E+16 0.02323 
   60   60    1    1    1    1    1    1    1    1  4.27283E+16 0.02208 
   61   61    1    1    1    1    1    1    1    1  4.33832E+16 0.02393 
   62   62    1    1    1    1    1    1    1    1  4.50525E+16 0.02214 
   63   63    1    1    1    1    1    1    1    1  4.42345E+16 0.02274 
   64   64    1    1    1    1    1    1    1    1  4.55286E+16 0.02270 
   65   65    1    1    1    1    1    1    1    1  4.60271E+16 0.01719 
   66   66    1    1    1    1    1    1    1    1  4.81638E+16 0.01783 
   67   67    1    1    1    1    1    1    1    1  4.81656E+16 0.01736 
   68   68    1    1    1    1    1    1    1    1  4.94509E+16 0.01868 
   69   69    1    1    1    1    1    1    1    1  5.02875E+16 0.01453 
   70   70    1    1    1    1    1    1    1    1  5.17303E+16 0.01425 
   71   71    1    1    1    1    1    1    1    1  5.29793E+16 0.01351 
   72   72    1    1    1    1    1    1    1    1  5.48083E+16 0.01432 
   73   73    1    1    1    1    1    1    1    1  5.67570E+16 0.01473 
   74   74    1    1    1    1    1    1    1    1  5.93634E+16 0.01389 
   75   75    1    1    1    1    1    1    1    1  6.15214E+16 0.01246 
   76   76    1    1    1    1    1    1    1    1  6.46999E+16 0.01230 
   77   77    1    1    1    1    1    1    1    1  6.75812E+16 0.01146 
   78   78    1    1    1    1    1    1    1    1  6.91275E+16 0.01175 
   79   79    1    1    1    1    1    1    1    1  7.09258E+16 0.01332 
   80   80    1    1    1    1    1    1    1    1  7.40344E+16 0.01025 
   81   81    1    1    1    1    1    1    1    1  7.61242E+16 0.01120 
   82   82    1    1    1    1    1    1    1    1  7.74830E+16 0.01018 
   83   83    1    1    1    1    1    1    1    1  7.91587E+16 0.01076 
   84   84    1    1    1    1    1    1    1    1  8.19224E+16 0.01063 
   85   85    1    1    1    1    1    1    1    1  8.33751E+16 0.01046 
   86   86    1    1    1    1    1    1    1    1  8.65746E+16 0.01090 
   87   87    1    1    1    1    1    1    1    1  8.74622E+16 0.01135 
   88   88    1    1    1    1    1    1    1    1  8.89194E+16 0.00990 
   89   89    1    1    1    1    1    1    1    1  9.27564E+16 0.01110 
   90   90    1    1    1    1    1    1    1    1  9.35004E+16 0.01469 
   91   91    1    1    1    1    1    1    1    1  9.27604E+16 0.01224 
   92   92    1    1    1    1    1    1    1    1  9.53939E+16 0.01062 
   93   93    1    1    1    1    1    1    1    1  9.94015E+16 0.00875 
   94   94    1    1    1    1    1    1    1    1  1.02616E+17 0.00931 
   95   95    1    1    1    1    1    1    1    1  1.05840E+17 0.00859 
   96   96    1    1    1    1    1    1    1    1  1.12025E+17 0.00716 
   97   97    1    1    1    1    1    1    1    1  1.17414E+17 0.00854 
   98   98    1    1    1    1    1    1    1    1  1.20748E+17 0.00801 
   99   99    1    1    1    1    1    1    1    1  1.25384E+17 0.00726 
  100  100    1    1    1    1    1    1    1    1  1.29283E+17 0.00862 
  101  101    1    1    1    1    1    1    1    1  1.30072E+17 0.00842 
  102  102    1    1    1    1    1    1    1    1  1.32140E+17 0.00818 
  103  103    1    1    1    1    1    1    1    1  1.34854E+17 0.00888 
  104  104    1    1    1    1    1    1    1    1  1.36878E+17 0.01054 
  105  105    1    1    1    1    1    1    1    1  1.41682E+17 0.00689 
  106  106    1    1    1    1    1    1    1    1  1.49469E+17 0.00689 
  107  107    1    1    1    1    1    1    1    1  1.54946E+17 0.00698 
  108  108    1    1    1    1    1    1    1    1  1.60098E+17 0.00573 
  109  109    1    1    1    1    1    1    1    1  1.65012E+17 0.00752 
