
DETspectrum = [
    1    1    1    1    1    1    1    1    1    1  0.00000E+00 0.00000 
    2    2    1    1    1    1    1    1    1    1  0.00000E+00 0.00000 
    3    3    1    1    1    1    1    1    1    1  0.00000E+00 0.00000 
    4    4    1    1    1    1    1    1    1    1  0.00000E+00 0.00000 
    5    5    1    1    1    1    1    1    1    1  0.00000E+00 0.00000 
    6    6    1    1    1    1    1    1    1    1  0.00000E+00 0.00000 
    7    7    1    1    1    1    1    1    1    1  0.00000E+00 0.00000 
    8    8    1    1    1    1    1    1    1    1  0.00000E+00 0.00000 
    9    9    1    1    1    1    1    1    1    1  0.00000E+00 0.00000 
   10   10    1    1    1    1    1    1    1    1  6.30739E+11 1.00000 
   11   11    1    1    1    1    1    1    1    1  4.36419E+11 1.00000 
   12   12    1    1    1    1    1    1    1    1  2.55526E+12 0.72273 
   13   13    1    1    1    1    1    1    1    1  1.87802E+12 0.67092 
   14   14    1    1    1    1    1    1    1    1  7.70990E+12 0.25559 
   15   15    1    1    1    1    1    1    1    1  2.82552E+13 0.22858 
   16   16    1    1    1    1    1    1    1    1  4.48618E+13 0.19351 
   17   17    1    1    1    1    1    1    1    1  9.16632E+13 0.16152 
   18   18    1    1    1    1    1    1    1    1  1.50668E+14 0.12835 
   19   19    1    1    1    1    1    1    1    1  2.42056E+14 0.10686 
   20   20    1    1    1    1    1    1    1    1  3.45427E+14 0.09079 
   21   21    1    1    1    1    1    1    1    1  4.70732E+14 0.08742 
   22   22    1    1    1    1    1    1    1    1  6.01163E+14 0.07829 
   23   23    1    1    1    1    1    1    1    1  9.15822E+14 0.05630 
   24   24    1    1    1    1    1    1    1    1  1.53313E+15 0.04820 
   25   25    1    1    1    1    1    1    1    1  2.34975E+15 0.04129 
   26   26    1    1    1    1    1    1    1    1  3.12231E+15 0.03720 
   27   27    1    1    1    1    1    1    1    1  4.17880E+15 0.03509 
   28   28    1    1    1    1    1    1    1    1  5.10252E+15 0.03139 
   29   29    1    1    1    1    1    1    1    1  5.95230E+15 0.03297 
   30   30    1    1    1    1    1    1    1    1  7.26741E+15 0.02997 
   31   31    1    1    1    1    1    1    1    1  8.30308E+15 0.02786 
   32   32    1    1    1    1    1    1    1    1  9.86665E+15 0.02692 
   33   33    1    1    1    1    1    1    1    1  1.12260E+16 0.02814 
   34   34    1    1    1    1    1    1    1    1  1.24736E+16 0.02750 
   35   35    1    1    1    1    1    1    1    1  1.44503E+16 0.02248 
   36   36    1    1    1    1    1    1    1    1  1.70595E+16 0.02072 
   37   37    1    1    1    1    1    1    1    1  1.94379E+16 0.01993 
   38   38    1    1    1    1    1    1    1    1  2.17864E+16 0.01791 
   39   39    1    1    1    1    1    1    1    1  2.35865E+16 0.01961 
   40   40    1    1    1    1    1    1    1    1  2.51729E+16 0.02042 
   41   41    1    1    1    1    1    1    1    1  2.63954E+16 0.01744 
   42   42    1    1    1    1    1    1    1    1  2.92648E+16 0.01661 
   43   43    1    1    1    1    1    1    1    1  3.19198E+16 0.01792 
   44   44    1    1    1    1    1    1    1    1  3.32865E+16 0.01760 
   45   45    1    1    1    1    1    1    1    1  3.54324E+16 0.01696 
   46   46    1    1    1    1    1    1    1    1  3.78933E+16 0.01762 
   47   47    1    1    1    1    1    1    1    1  3.83906E+16 0.01687 
   48   48    1    1    1    1    1    1    1    1  3.91328E+16 0.01634 
   49   49    1    1    1    1    1    1    1    1  3.98149E+16 0.01631 
   50   50    1    1    1    1    1    1    1    1  3.96688E+16 0.02353 
   51   51    1    1    1    1    1    1    1    1  4.08564E+16 0.02330 
   52   52    1    1    1    1    1    1    1    1  4.07639E+16 0.02227 
   53   53    1    1    1    1    1    1    1    1  4.30240E+16 0.02245 
   54   54    1    1    1    1    1    1    1    1  4.18186E+16 0.02382 
   55   55    1    1    1    1    1    1    1    1  4.14779E+16 0.02136 
   56   56    1    1    1    1    1    1    1    1  4.26987E+16 0.02372 
   57   57    1    1    1    1    1    1    1    1  4.30404E+16 0.02222 
   58   58    1    1    1    1    1    1    1    1  4.31249E+16 0.02360 
   59   59    1    1    1    1    1    1    1    1  4.50399E+16 0.02350 
   60   60    1    1    1    1    1    1    1    1  4.41792E+16 0.02176 
   61   61    1    1    1    1    1    1    1    1  4.27764E+16 0.02258 
   62   62    1    1    1    1    1    1    1    1  4.40595E+16 0.02286 
   63   63    1    1    1    1    1    1    1    1  4.63115E+16 0.02255 
   64   64    1    1    1    1    1    1    1    1  4.59605E+16 0.02114 
   65   65    1    1    1    1    1    1    1    1  4.77565E+16 0.01626 
   66   66    1    1    1    1    1    1    1    1  4.77056E+16 0.01803 
   67   67    1    1    1    1    1    1    1    1  4.99491E+16 0.01706 
   68   68    1    1    1    1    1    1    1    1  4.96010E+16 0.01603 
   69   69    1    1    1    1    1    1    1    1  5.00402E+16 0.01386 
   70   70    1    1    1    1    1    1    1    1  5.20875E+16 0.01384 
   71   71    1    1    1    1    1    1    1    1  5.37792E+16 0.01449 
   72   72    1    1    1    1    1    1    1    1  5.64491E+16 0.01404 
   73   73    1    1    1    1    1    1    1    1  5.71756E+16 0.01444 
   74   74    1    1    1    1    1    1    1    1  6.07932E+16 0.01156 
   75   75    1    1    1    1    1    1    1    1  6.32769E+16 0.01104 
   76   76    1    1    1    1    1    1    1    1  6.44598E+16 0.01217 
   77   77    1    1    1    1    1    1    1    1  6.69908E+16 0.01143 
   78   78    1    1    1    1    1    1    1    1  6.95301E+16 0.01191 
   79   79    1    1    1    1    1    1    1    1  7.25463E+16 0.01206 
   80   80    1    1    1    1    1    1    1    1  7.35058E+16 0.01053 
   81   81    1    1    1    1    1    1    1    1  7.75245E+16 0.01157 
   82   82    1    1    1    1    1    1    1    1  7.87275E+16 0.01027 
   83   83    1    1    1    1    1    1    1    1  7.99389E+16 0.01233 
   84   84    1    1    1    1    1    1    1    1  8.13856E+16 0.01184 
   85   85    1    1    1    1    1    1    1    1  8.26984E+16 0.00943 
   86   86    1    1    1    1    1    1    1    1  8.46233E+16 0.01083 
   87   87    1    1    1    1    1    1    1    1  8.65875E+16 0.01088 
   88   88    1    1    1    1    1    1    1    1  8.81313E+16 0.00991 
   89   89    1    1    1    1    1    1    1    1  9.07978E+16 0.00977 
   90   90    1    1    1    1    1    1    1    1  9.45460E+16 0.01437 
   91   91    1    1    1    1    1    1    1    1  9.46615E+16 0.01191 
   92   92    1    1    1    1    1    1    1    1  9.51848E+16 0.00920 
   93   93    1    1    1    1    1    1    1    1  9.81079E+16 0.00839 
   94   94    1    1    1    1    1    1    1    1  1.03195E+17 0.00833 
   95   95    1    1    1    1    1    1    1    1  1.06246E+17 0.00845 
   96   96    1    1    1    1    1    1    1    1  1.12004E+17 0.00673 
   97   97    1    1    1    1    1    1    1    1  1.17604E+17 0.00825 
   98   98    1    1    1    1    1    1    1    1  1.21315E+17 0.00657 
   99   99    1    1    1    1    1    1    1    1  1.25767E+17 0.00678 
  100  100    1    1    1    1    1    1    1    1  1.30188E+17 0.00774 
  101  101    1    1    1    1    1    1    1    1  1.31322E+17 0.00818 
  102  102    1    1    1    1    1    1    1    1  1.33423E+17 0.00736 
  103  103    1    1    1    1    1    1    1    1  1.34184E+17 0.00749 
  104  104    1    1    1    1    1    1    1    1  1.39302E+17 0.00824 
  105  105    1    1    1    1    1    1    1    1  1.42263E+17 0.00580 
  106  106    1    1    1    1    1    1    1    1  1.49932E+17 0.00532 
  107  107    1    1    1    1    1    1    1    1  1.56331E+17 0.00590 
  108  108    1    1    1    1    1    1    1    1  1.61001E+17 0.00525 
  109  109    1    1    1    1    1    1    1    1  1.65391E+17 0.00720 
