
DETspectrum = [
    1    1    1    1    1    1    1    1    1    1  0.00000E+00 0.00000 
    2    2    1    1    1    1    1    1    1    1  0.00000E+00 0.00000 
    3    3    1    1    1    1    1    1    1    1  0.00000E+00 0.00000 
    4    4    1    1    1    1    1    1    1    1  0.00000E+00 0.00000 
    5    5    1    1    1    1    1    1    1    1  0.00000E+00 0.00000 
    6    6    1    1    1    1    1    1    1    1  0.00000E+00 0.00000 
    7    7    1    1    1    1    1    1    1    1  0.00000E+00 0.00000 
    8    8    1    1    1    1    1    1    1    1  0.00000E+00 0.00000 
    9    9    1    1    1    1    1    1    1    1  0.00000E+00 0.00000 
   10   10    1    1    1    1    1    1    1    1  3.15453E+11 1.00000 
   11   11    1    1    1    1    1    1    1    1  8.35981E+11 1.00000 
   12   12    1    1    1    1    1    1    1    1  1.50174E+12 0.61686 
   13   13    1    1    1    1    1    1    1    1  2.22846E+12 0.52158 
   14   14    1    1    1    1    1    1    1    1  8.88825E+12 0.21226 
   15   15    1    1    1    1    1    1    1    1  1.52028E+13 0.27131 
   16   16    1    1    1    1    1    1    1    1  3.79760E+13 0.16734 
   17   17    1    1    1    1    1    1    1    1  1.05945E+14 0.13502 
   18   18    1    1    1    1    1    1    1    1  1.71867E+14 0.12298 
   19   19    1    1    1    1    1    1    1    1  2.71899E+14 0.10019 
   20   20    1    1    1    1    1    1    1    1  4.06942E+14 0.08825 
   21   21    1    1    1    1    1    1    1    1  5.99325E+14 0.07833 
   22   22    1    1    1    1    1    1    1    1  7.48454E+14 0.06871 
   23   23    1    1    1    1    1    1    1    1  1.10370E+15 0.05363 
   24   24    1    1    1    1    1    1    1    1  1.70504E+15 0.04512 
   25   25    1    1    1    1    1    1    1    1  2.34535E+15 0.03834 
   26   26    1    1    1    1    1    1    1    1  3.29999E+15 0.03729 
   27   27    1    1    1    1    1    1    1    1  4.26172E+15 0.03669 
   28   28    1    1    1    1    1    1    1    1  5.32886E+15 0.03314 
   29   29    1    1    1    1    1    1    1    1  6.34954E+15 0.02963 
   30   30    1    1    1    1    1    1    1    1  7.42238E+15 0.02837 
   31   31    1    1    1    1    1    1    1    1  8.67969E+15 0.02639 
   32   32    1    1    1    1    1    1    1    1  9.32498E+15 0.02616 
   33   33    1    1    1    1    1    1    1    1  1.08140E+16 0.02392 
   34   34    1    1    1    1    1    1    1    1  1.21429E+16 0.02564 
   35   35    1    1    1    1    1    1    1    1  1.38829E+16 0.01929 
   36   36    1    1    1    1    1    1    1    1  1.71174E+16 0.01975 
   37   37    1    1    1    1    1    1    1    1  1.92206E+16 0.01800 
   38   38    1    1    1    1    1    1    1    1  2.19230E+16 0.01863 
   39   39    1    1    1    1    1    1    1    1  2.33254E+16 0.01827 
   40   40    1    1    1    1    1    1    1    1  2.46571E+16 0.02004 
   41   41    1    1    1    1    1    1    1    1  2.65328E+16 0.01558 
   42   42    1    1    1    1    1    1    1    1  2.88986E+16 0.01467 
   43   43    1    1    1    1    1    1    1    1  3.10774E+16 0.01520 
   44   44    1    1    1    1    1    1    1    1  3.30006E+16 0.01489 
   45   45    1    1    1    1    1    1    1    1  3.53722E+16 0.01491 
   46   46    1    1    1    1    1    1    1    1  3.73711E+16 0.01722 
   47   47    1    1    1    1    1    1    1    1  3.88871E+16 0.01719 
   48   48    1    1    1    1    1    1    1    1  3.81137E+16 0.01716 
   49   49    1    1    1    1    1    1    1    1  3.97178E+16 0.01760 
   50   50    1    1    1    1    1    1    1    1  3.90480E+16 0.02431 
   51   51    1    1    1    1    1    1    1    1  4.07873E+16 0.02050 
   52   52    1    1    1    1    1    1    1    1  4.13032E+16 0.02197 
   53   53    1    1    1    1    1    1    1    1  4.14016E+16 0.02203 
   54   54    1    1    1    1    1    1    1    1  4.13614E+16 0.02051 
   55   55    1    1    1    1    1    1    1    1  4.16850E+16 0.02291 
   56   56    1    1    1    1    1    1    1    1  4.17074E+16 0.02318 
   57   57    1    1    1    1    1    1    1    1  4.43378E+16 0.02103 
   58   58    1    1    1    1    1    1    1    1  4.29585E+16 0.02197 
   59   59    1    1    1    1    1    1    1    1  4.45500E+16 0.02357 
   60   60    1    1    1    1    1    1    1    1  4.46545E+16 0.02346 
   61   61    1    1    1    1    1    1    1    1  4.50606E+16 0.02192 
   62   62    1    1    1    1    1    1    1    1  4.57042E+16 0.02245 
   63   63    1    1    1    1    1    1    1    1  4.34481E+16 0.02382 
   64   64    1    1    1    1    1    1    1    1  4.46303E+16 0.02290 
   65   65    1    1    1    1    1    1    1    1  4.52057E+16 0.01697 
   66   66    1    1    1    1    1    1    1    1  4.74294E+16 0.01595 
   67   67    1    1    1    1    1    1    1    1  4.99378E+16 0.01677 
   68   68    1    1    1    1    1    1    1    1  4.95141E+16 0.01626 
   69   69    1    1    1    1    1    1    1    1  4.99195E+16 0.01229 
   70   70    1    1    1    1    1    1    1    1  5.16910E+16 0.01270 
   71   71    1    1    1    1    1    1    1    1  5.29562E+16 0.01375 
   72   72    1    1    1    1    1    1    1    1  5.66870E+16 0.01319 
   73   73    1    1    1    1    1    1    1    1  5.71395E+16 0.01253 
   74   74    1    1    1    1    1    1    1    1  5.96081E+16 0.01128 
   75   75    1    1    1    1    1    1    1    1  6.25297E+16 0.01098 
   76   76    1    1    1    1    1    1    1    1  6.49826E+16 0.01105 
   77   77    1    1    1    1    1    1    1    1  6.73793E+16 0.01093 
   78   78    1    1    1    1    1    1    1    1  6.84930E+16 0.01165 
   79   79    1    1    1    1    1    1    1    1  7.07591E+16 0.01278 
   80   80    1    1    1    1    1    1    1    1  7.32197E+16 0.00940 
   81   81    1    1    1    1    1    1    1    1  7.62384E+16 0.01103 
   82   82    1    1    1    1    1    1    1    1  7.89361E+16 0.01058 
   83   83    1    1    1    1    1    1    1    1  7.92616E+16 0.01114 
   84   84    1    1    1    1    1    1    1    1  8.15992E+16 0.01000 
   85   85    1    1    1    1    1    1    1    1  8.23439E+16 0.01015 
   86   86    1    1    1    1    1    1    1    1  8.55557E+16 0.00932 
   87   87    1    1    1    1    1    1    1    1  8.76204E+16 0.00980 
   88   88    1    1    1    1    1    1    1    1  8.85248E+16 0.00992 
   89   89    1    1    1    1    1    1    1    1  9.28791E+16 0.01065 
   90   90    1    1    1    1    1    1    1    1  9.53320E+16 0.01219 
   91   91    1    1    1    1    1    1    1    1  9.38955E+16 0.01233 
   92   92    1    1    1    1    1    1    1    1  9.53387E+16 0.00938 
   93   93    1    1    1    1    1    1    1    1  9.98949E+16 0.00742 
   94   94    1    1    1    1    1    1    1    1  1.02972E+17 0.00868 
   95   95    1    1    1    1    1    1    1    1  1.06465E+17 0.00792 
   96   96    1    1    1    1    1    1    1    1  1.12928E+17 0.00636 
   97   97    1    1    1    1    1    1    1    1  1.17669E+17 0.00716 
   98   98    1    1    1    1    1    1    1    1  1.21524E+17 0.00707 
   99   99    1    1    1    1    1    1    1    1  1.26419E+17 0.00652 
  100  100    1    1    1    1    1    1    1    1  1.28921E+17 0.00724 
  101  101    1    1    1    1    1    1    1    1  1.30317E+17 0.00750 
  102  102    1    1    1    1    1    1    1    1  1.33281E+17 0.00748 
  103  103    1    1    1    1    1    1    1    1  1.35336E+17 0.00802 
  104  104    1    1    1    1    1    1    1    1  1.37872E+17 0.00922 
  105  105    1    1    1    1    1    1    1    1  1.42463E+17 0.00613 
  106  106    1    1    1    1    1    1    1    1  1.50026E+17 0.00570 
  107  107    1    1    1    1    1    1    1    1  1.54569E+17 0.00602 
  108  108    1    1    1    1    1    1    1    1  1.61518E+17 0.00536 
  109  109    1    1    1    1    1    1    1    1  1.66275E+17 0.00725 
