
DETspectrum = [
    1    1    1    1    1    1    1    1    1    1  0.00000E+00 0.00000 
    2    2    1    1    1    1    1    1    1    1  0.00000E+00 0.00000 
    3    3    1    1    1    1    1    1    1    1  0.00000E+00 0.00000 
    4    4    1    1    1    1    1    1    1    1  0.00000E+00 0.00000 
    5    5    1    1    1    1    1    1    1    1  0.00000E+00 0.00000 
    6    6    1    1    1    1    1    1    1    1  0.00000E+00 0.00000 
    7    7    1    1    1    1    1    1    1    1  0.00000E+00 0.00000 
    8    8    1    1    1    1    1    1    1    1  0.00000E+00 0.00000 
    9    9    1    1    1    1    1    1    1    1  8.88020E+11 0.70474 
   10   10    1    1    1    1    1    1    1    1  0.00000E+00 0.00000 
   11   11    1    1    1    1    1    1    1    1  0.00000E+00 0.00000 
   12   12    1    1    1    1    1    1    1    1  1.21872E+12 0.59527 
   13   13    1    1    1    1    1    1    1    1  3.63592E+11 1.00000 
   14   14    1    1    1    1    1    1    1    1  8.47079E+12 0.27006 
   15   15    1    1    1    1    1    1    1    1  3.09350E+13 0.22039 
   16   16    1    1    1    1    1    1    1    1  4.48700E+13 0.16637 
   17   17    1    1    1    1    1    1    1    1  9.11028E+13 0.12579 
   18   18    1    1    1    1    1    1    1    1  1.62157E+14 0.11229 
   19   19    1    1    1    1    1    1    1    1  2.58397E+14 0.10370 
   20   20    1    1    1    1    1    1    1    1  3.32847E+14 0.09355 
   21   21    1    1    1    1    1    1    1    1  4.70453E+14 0.08048 
   22   22    1    1    1    1    1    1    1    1  5.79106E+14 0.07846 
   23   23    1    1    1    1    1    1    1    1  9.11033E+14 0.06014 
   24   24    1    1    1    1    1    1    1    1  1.52927E+15 0.04836 
   25   25    1    1    1    1    1    1    1    1  2.23681E+15 0.04131 
   26   26    1    1    1    1    1    1    1    1  3.13612E+15 0.03916 
   27   27    1    1    1    1    1    1    1    1  4.16706E+15 0.03766 
   28   28    1    1    1    1    1    1    1    1  5.44082E+15 0.03351 
   29   29    1    1    1    1    1    1    1    1  6.76986E+15 0.02902 
   30   30    1    1    1    1    1    1    1    1  7.72920E+15 0.02705 
   31   31    1    1    1    1    1    1    1    1  8.92198E+15 0.02790 
   32   32    1    1    1    1    1    1    1    1  1.02482E+16 0.02609 
   33   33    1    1    1    1    1    1    1    1  1.17618E+16 0.02337 
   34   34    1    1    1    1    1    1    1    1  1.28013E+16 0.02366 
   35   35    1    1    1    1    1    1    1    1  1.46504E+16 0.02141 
   36   36    1    1    1    1    1    1    1    1  1.68493E+16 0.02014 
   37   37    1    1    1    1    1    1    1    1  1.91709E+16 0.01974 
   38   38    1    1    1    1    1    1    1    1  2.18524E+16 0.01944 
   39   39    1    1    1    1    1    1    1    1  2.40119E+16 0.02165 
   40   40    1    1    1    1    1    1    1    1  2.45350E+16 0.01990 
   41   41    1    1    1    1    1    1    1    1  2.62676E+16 0.01840 
   42   42    1    1    1    1    1    1    1    1  2.79320E+16 0.01680 
   43   43    1    1    1    1    1    1    1    1  3.09082E+16 0.01759 
   44   44    1    1    1    1    1    1    1    1  3.29583E+16 0.01661 
   45   45    1    1    1    1    1    1    1    1  3.47131E+16 0.01531 
   46   46    1    1    1    1    1    1    1    1  3.69245E+16 0.01842 
   47   47    1    1    1    1    1    1    1    1  3.80913E+16 0.01648 
   48   48    1    1    1    1    1    1    1    1  3.91676E+16 0.01786 
   49   49    1    1    1    1    1    1    1    1  3.95558E+16 0.01704 
   50   50    1    1    1    1    1    1    1    1  4.07328E+16 0.01919 
   51   51    1    1    1    1    1    1    1    1  4.22374E+16 0.02164 
   52   52    1    1    1    1    1    1    1    1  4.30848E+16 0.02312 
   53   53    1    1    1    1    1    1    1    1  4.14841E+16 0.02411 
   54   54    1    1    1    1    1    1    1    1  4.24982E+16 0.02418 
   55   55    1    1    1    1    1    1    1    1  4.41689E+16 0.02365 
   56   56    1    1    1    1    1    1    1    1  4.37134E+16 0.02315 
   57   57    1    1    1    1    1    1    1    1  4.24755E+16 0.02183 
   58   58    1    1    1    1    1    1    1    1  4.42411E+16 0.02213 
   59   59    1    1    1    1    1    1    1    1  4.42208E+16 0.02066 
   60   60    1    1    1    1    1    1    1    1  4.54980E+16 0.02398 
   61   61    1    1    1    1    1    1    1    1  4.43025E+16 0.02205 
   62   62    1    1    1    1    1    1    1    1  4.57608E+16 0.02358 
   63   63    1    1    1    1    1    1    1    1  4.60028E+16 0.02201 
   64   64    1    1    1    1    1    1    1    1  4.70765E+16 0.02221 
   65   65    1    1    1    1    1    1    1    1  4.64733E+16 0.01745 
   66   66    1    1    1    1    1    1    1    1  4.71799E+16 0.01789 
   67   67    1    1    1    1    1    1    1    1  4.88111E+16 0.01560 
   68   68    1    1    1    1    1    1    1    1  4.97199E+16 0.01747 
   69   69    1    1    1    1    1    1    1    1  5.01579E+16 0.01376 
   70   70    1    1    1    1    1    1    1    1  5.28843E+16 0.01516 
   71   71    1    1    1    1    1    1    1    1  5.47456E+16 0.01458 
   72   72    1    1    1    1    1    1    1    1  5.61701E+16 0.01193 
   73   73    1    1    1    1    1    1    1    1  5.85450E+16 0.01252 
   74   74    1    1    1    1    1    1    1    1  6.02083E+16 0.01108 
   75   75    1    1    1    1    1    1    1    1  6.30974E+16 0.01253 
   76   76    1    1    1    1    1    1    1    1  6.62692E+16 0.01059 
   77   77    1    1    1    1    1    1    1    1  6.82297E+16 0.01210 
   78   78    1    1    1    1    1    1    1    1  7.01691E+16 0.01177 
   79   79    1    1    1    1    1    1    1    1  7.24443E+16 0.01198 
   80   80    1    1    1    1    1    1    1    1  7.53414E+16 0.01058 
   81   81    1    1    1    1    1    1    1    1  7.61445E+16 0.01111 
   82   82    1    1    1    1    1    1    1    1  7.86254E+16 0.01090 
   83   83    1    1    1    1    1    1    1    1  8.08226E+16 0.01164 
   84   84    1    1    1    1    1    1    1    1  8.31629E+16 0.01119 
   85   85    1    1    1    1    1    1    1    1  8.36040E+16 0.01055 
   86   86    1    1    1    1    1    1    1    1  8.76625E+16 0.01013 
   87   87    1    1    1    1    1    1    1    1  8.71038E+16 0.00982 
   88   88    1    1    1    1    1    1    1    1  9.11079E+16 0.01018 
   89   89    1    1    1    1    1    1    1    1  9.27137E+16 0.01120 
   90   90    1    1    1    1    1    1    1    1  9.30872E+16 0.01714 
   91   91    1    1    1    1    1    1    1    1  9.56797E+16 0.01195 
   92   92    1    1    1    1    1    1    1    1  9.53988E+16 0.00970 
   93   93    1    1    1    1    1    1    1    1  9.98431E+16 0.00794 
   94   94    1    1    1    1    1    1    1    1  1.03678E+17 0.00861 
   95   95    1    1    1    1    1    1    1    1  1.08125E+17 0.00782 
   96   96    1    1    1    1    1    1    1    1  1.13331E+17 0.00671 
   97   97    1    1    1    1    1    1    1    1  1.19882E+17 0.00809 
   98   98    1    1    1    1    1    1    1    1  1.22461E+17 0.00712 
   99   99    1    1    1    1    1    1    1    1  1.26752E+17 0.00627 
  100  100    1    1    1    1    1    1    1    1  1.31421E+17 0.00696 
  101  101    1    1    1    1    1    1    1    1  1.32787E+17 0.00793 
  102  102    1    1    1    1    1    1    1    1  1.34274E+17 0.00730 
  103  103    1    1    1    1    1    1    1    1  1.38693E+17 0.00803 
  104  104    1    1    1    1    1    1    1    1  1.38406E+17 0.00956 
  105  105    1    1    1    1    1    1    1    1  1.44002E+17 0.00596 
  106  106    1    1    1    1    1    1    1    1  1.50687E+17 0.00593 
  107  107    1    1    1    1    1    1    1    1  1.56820E+17 0.00585 
  108  108    1    1    1    1    1    1    1    1  1.63003E+17 0.00523 
  109  109    1    1    1    1    1    1    1    1  1.67610E+17 0.00661 
