
DETspectrum = [
    1    1    1    1    1    1    1    1    1    1  0.00000E+00 0.00000 
    2    2    1    1    1    1    1    1    1    1  0.00000E+00 0.00000 
    3    3    1    1    1    1    1    1    1    1  0.00000E+00 0.00000 
    4    4    1    1    1    1    1    1    1    1  0.00000E+00 0.00000 
    5    5    1    1    1    1    1    1    1    1  0.00000E+00 0.00000 
    6    6    1    1    1    1    1    1    1    1  0.00000E+00 0.00000 
    7    7    1    1    1    1    1    1    1    1  0.00000E+00 0.00000 
    8    8    1    1    1    1    1    1    1    1  0.00000E+00 0.00000 
    9    9    1    1    1    1    1    1    1    1  0.00000E+00 0.00000 
   10   10    1    1    1    1    1    1    1    1  2.95877E+11 1.00000 
   11   11    1    1    1    1    1    1    1    1  1.64072E+12 0.60221 
   12   12    1    1    1    1    1    1    1    1  1.90873E+12 0.52584 
   13   13    1    1    1    1    1    1    1    1  1.81763E+12 0.52653 
   14   14    1    1    1    1    1    1    1    1  7.44432E+12 0.27621 
   15   15    1    1    1    1    1    1    1    1  2.15902E+13 0.25068 
   16   16    1    1    1    1    1    1    1    1  5.35210E+13 0.15402 
   17   17    1    1    1    1    1    1    1    1  8.23584E+13 0.14303 
   18   18    1    1    1    1    1    1    1    1  1.54976E+14 0.14057 
   19   19    1    1    1    1    1    1    1    1  2.55718E+14 0.11379 
   20   20    1    1    1    1    1    1    1    1  3.98465E+14 0.09437 
   21   21    1    1    1    1    1    1    1    1  4.72489E+14 0.09346 
   22   22    1    1    1    1    1    1    1    1  5.85937E+14 0.08647 
   23   23    1    1    1    1    1    1    1    1  9.53525E+14 0.06541 
   24   24    1    1    1    1    1    1    1    1  1.51448E+15 0.05653 
   25   25    1    1    1    1    1    1    1    1  2.25271E+15 0.04340 
   26   26    1    1    1    1    1    1    1    1  3.24876E+15 0.03992 
   27   27    1    1    1    1    1    1    1    1  4.08452E+15 0.03740 
   28   28    1    1    1    1    1    1    1    1  5.18101E+15 0.03149 
   29   29    1    1    1    1    1    1    1    1  6.27582E+15 0.03305 
   30   30    1    1    1    1    1    1    1    1  7.38523E+15 0.03022 
   31   31    1    1    1    1    1    1    1    1  8.21685E+15 0.02612 
   32   32    1    1    1    1    1    1    1    1  9.69747E+15 0.02600 
   33   33    1    1    1    1    1    1    1    1  1.09524E+16 0.02431 
   34   34    1    1    1    1    1    1    1    1  1.19461E+16 0.02678 
   35   35    1    1    1    1    1    1    1    1  1.40228E+16 0.02057 
   36   36    1    1    1    1    1    1    1    1  1.63561E+16 0.01939 
   37   37    1    1    1    1    1    1    1    1  1.91431E+16 0.01938 
   38   38    1    1    1    1    1    1    1    1  2.13848E+16 0.02024 
   39   39    1    1    1    1    1    1    1    1  2.35590E+16 0.02076 
   40   40    1    1    1    1    1    1    1    1  2.41795E+16 0.02057 
   41   41    1    1    1    1    1    1    1    1  2.56890E+16 0.01859 
   42   42    1    1    1    1    1    1    1    1  2.82029E+16 0.01722 
   43   43    1    1    1    1    1    1    1    1  3.06248E+16 0.01548 
   44   44    1    1    1    1    1    1    1    1  3.27381E+16 0.01659 
   45   45    1    1    1    1    1    1    1    1  3.47360E+16 0.01427 
   46   46    1    1    1    1    1    1    1    1  3.64860E+16 0.01601 
   47   47    1    1    1    1    1    1    1    1  3.76436E+16 0.01615 
   48   48    1    1    1    1    1    1    1    1  3.81296E+16 0.01505 
   49   49    1    1    1    1    1    1    1    1  3.91725E+16 0.01637 
   50   50    1    1    1    1    1    1    1    1  4.03622E+16 0.02478 
   51   51    1    1    1    1    1    1    1    1  4.08567E+16 0.02666 
   52   52    1    1    1    1    1    1    1    1  4.11789E+16 0.02394 
   53   53    1    1    1    1    1    1    1    1  4.13228E+16 0.02328 
   54   54    1    1    1    1    1    1    1    1  4.24192E+16 0.02409 
   55   55    1    1    1    1    1    1    1    1  4.00276E+16 0.02209 
   56   56    1    1    1    1    1    1    1    1  4.32555E+16 0.02352 
   57   57    1    1    1    1    1    1    1    1  4.37078E+16 0.02401 
   58   58    1    1    1    1    1    1    1    1  4.32695E+16 0.02201 
   59   59    1    1    1    1    1    1    1    1  4.31234E+16 0.02215 
   60   60    1    1    1    1    1    1    1    1  4.41383E+16 0.02164 
   61   61    1    1    1    1    1    1    1    1  4.28898E+16 0.02312 
   62   62    1    1    1    1    1    1    1    1  4.56797E+16 0.02138 
   63   63    1    1    1    1    1    1    1    1  4.56515E+16 0.02387 
   64   64    1    1    1    1    1    1    1    1  4.57378E+16 0.02282 
   65   65    1    1    1    1    1    1    1    1  4.51742E+16 0.01783 
   66   66    1    1    1    1    1    1    1    1  4.72289E+16 0.01706 
   67   67    1    1    1    1    1    1    1    1  4.79553E+16 0.01638 
   68   68    1    1    1    1    1    1    1    1  4.81949E+16 0.01765 
   69   69    1    1    1    1    1    1    1    1  4.95821E+16 0.01369 
   70   70    1    1    1    1    1    1    1    1  5.13692E+16 0.01423 
   71   71    1    1    1    1    1    1    1    1  5.38003E+16 0.01268 
   72   72    1    1    1    1    1    1    1    1  5.46625E+16 0.01367 
   73   73    1    1    1    1    1    1    1    1  5.77949E+16 0.01264 
   74   74    1    1    1    1    1    1    1    1  5.94660E+16 0.01201 
   75   75    1    1    1    1    1    1    1    1  6.19131E+16 0.01160 
   76   76    1    1    1    1    1    1    1    1  6.42672E+16 0.01252 
   77   77    1    1    1    1    1    1    1    1  6.65797E+16 0.01155 
   78   78    1    1    1    1    1    1    1    1  6.97092E+16 0.01185 
   79   79    1    1    1    1    1    1    1    1  7.13996E+16 0.01186 
   80   80    1    1    1    1    1    1    1    1  7.36704E+16 0.00949 
   81   81    1    1    1    1    1    1    1    1  7.55345E+16 0.01101 
   82   82    1    1    1    1    1    1    1    1  7.74117E+16 0.01147 
   83   83    1    1    1    1    1    1    1    1  7.90864E+16 0.01075 
   84   84    1    1    1    1    1    1    1    1  8.18454E+16 0.01034 
   85   85    1    1    1    1    1    1    1    1  8.30978E+16 0.00991 
   86   86    1    1    1    1    1    1    1    1  8.54897E+16 0.01011 
   87   87    1    1    1    1    1    1    1    1  8.64176E+16 0.01054 
   88   88    1    1    1    1    1    1    1    1  8.92220E+16 0.00975 
   89   89    1    1    1    1    1    1    1    1  9.04220E+16 0.01011 
   90   90    1    1    1    1    1    1    1    1  9.07601E+16 0.01639 
   91   91    1    1    1    1    1    1    1    1  9.30824E+16 0.01180 
   92   92    1    1    1    1    1    1    1    1  9.52830E+16 0.01018 
   93   93    1    1    1    1    1    1    1    1  9.76246E+16 0.00726 
   94   94    1    1    1    1    1    1    1    1  1.01732E+17 0.00877 
   95   95    1    1    1    1    1    1    1    1  1.05210E+17 0.00801 
   96   96    1    1    1    1    1    1    1    1  1.11374E+17 0.00695 
   97   97    1    1    1    1    1    1    1    1  1.18912E+17 0.00865 
   98   98    1    1    1    1    1    1    1    1  1.19784E+17 0.00647 
   99   99    1    1    1    1    1    1    1    1  1.24812E+17 0.00686 
  100  100    1    1    1    1    1    1    1    1  1.29200E+17 0.00747 
  101  101    1    1    1    1    1    1    1    1  1.30498E+17 0.00799 
  102  102    1    1    1    1    1    1    1    1  1.31860E+17 0.00786 
  103  103    1    1    1    1    1    1    1    1  1.34323E+17 0.00801 
  104  104    1    1    1    1    1    1    1    1  1.37282E+17 0.00904 
  105  105    1    1    1    1    1    1    1    1  1.41036E+17 0.00596 
  106  106    1    1    1    1    1    1    1    1  1.48709E+17 0.00564 
  107  107    1    1    1    1    1    1    1    1  1.54094E+17 0.00612 
  108  108    1    1    1    1    1    1    1    1  1.59968E+17 0.00581 
  109  109    1    1    1    1    1    1    1    1  1.64377E+17 0.00748 
