
DETspectrum = [
    1    1    1    1    1    1    1    1    1    1  0.00000E+00 0.00000 
    2    2    1    1    1    1    1    1    1    1  0.00000E+00 0.00000 
    3    3    1    1    1    1    1    1    1    1  0.00000E+00 0.00000 
    4    4    1    1    1    1    1    1    1    1  0.00000E+00 0.00000 
    5    5    1    1    1    1    1    1    1    1  0.00000E+00 0.00000 
    6    6    1    1    1    1    1    1    1    1  2.92816E+11 1.00000 
    7    7    1    1    1    1    1    1    1    1  0.00000E+00 0.00000 
    8    8    1    1    1    1    1    1    1    1  0.00000E+00 0.00000 
    9    9    1    1    1    1    1    1    1    1  0.00000E+00 0.00000 
   10   10    1    1    1    1    1    1    1    1  6.21621E+11 1.00000 
   11   11    1    1    1    1    1    1    1    1  4.14242E+11 1.00000 
   12   12    1    1    1    1    1    1    1    1  2.38936E+11 1.00000 
   13   13    1    1    1    1    1    1    1    1  3.85727E+11 1.00000 
   14   14    1    1    1    1    1    1    1    1  7.21917E+12 0.23974 
   15   15    1    1    1    1    1    1    1    1  2.48172E+13 0.22470 
   16   16    1    1    1    1    1    1    1    1  4.90003E+13 0.15574 
   17   17    1    1    1    1    1    1    1    1  1.05833E+14 0.11329 
   18   18    1    1    1    1    1    1    1    1  1.70279E+14 0.10882 
   19   19    1    1    1    1    1    1    1    1  2.60307E+14 0.09816 
   20   20    1    1    1    1    1    1    1    1  3.66278E+14 0.08133 
   21   21    1    1    1    1    1    1    1    1  5.21655E+14 0.07751 
   22   22    1    1    1    1    1    1    1    1  6.27403E+14 0.07846 
   23   23    1    1    1    1    1    1    1    1  9.93366E+14 0.05256 
   24   24    1    1    1    1    1    1    1    1  1.56923E+15 0.04453 
   25   25    1    1    1    1    1    1    1    1  2.37329E+15 0.04068 
   26   26    1    1    1    1    1    1    1    1  3.20387E+15 0.03674 
   27   27    1    1    1    1    1    1    1    1  4.21257E+15 0.03756 
   28   28    1    1    1    1    1    1    1    1  5.22810E+15 0.03636 
   29   29    1    1    1    1    1    1    1    1  6.29798E+15 0.03091 
   30   30    1    1    1    1    1    1    1    1  7.65211E+15 0.03036 
   31   31    1    1    1    1    1    1    1    1  9.08355E+15 0.02352 
   32   32    1    1    1    1    1    1    1    1  1.03238E+16 0.02551 
   33   33    1    1    1    1    1    1    1    1  1.15229E+16 0.02262 
   34   34    1    1    1    1    1    1    1    1  1.26889E+16 0.02313 
   35   35    1    1    1    1    1    1    1    1  1.48698E+16 0.02073 
   36   36    1    1    1    1    1    1    1    1  1.74554E+16 0.01868 
   37   37    1    1    1    1    1    1    1    1  2.03345E+16 0.01841 
   38   38    1    1    1    1    1    1    1    1  2.26113E+16 0.01846 
   39   39    1    1    1    1    1    1    1    1  2.43950E+16 0.01977 
   40   40    1    1    1    1    1    1    1    1  2.56444E+16 0.02024 
   41   41    1    1    1    1    1    1    1    1  2.71919E+16 0.01689 
   42   42    1    1    1    1    1    1    1    1  2.98670E+16 0.01638 
   43   43    1    1    1    1    1    1    1    1  3.22324E+16 0.01681 
   44   44    1    1    1    1    1    1    1    1  3.44395E+16 0.01470 
   45   45    1    1    1    1    1    1    1    1  3.63610E+16 0.01396 
   46   46    1    1    1    1    1    1    1    1  3.82472E+16 0.01895 
   47   47    1    1    1    1    1    1    1    1  3.90815E+16 0.01791 
   48   48    1    1    1    1    1    1    1    1  4.00019E+16 0.01675 
   49   49    1    1    1    1    1    1    1    1  4.03611E+16 0.01748 
   50   50    1    1    1    1    1    1    1    1  4.08749E+16 0.02228 
   51   51    1    1    1    1    1    1    1    1  4.00894E+16 0.02359 
   52   52    1    1    1    1    1    1    1    1  4.31683E+16 0.02126 
   53   53    1    1    1    1    1    1    1    1  4.23352E+16 0.02520 
   54   54    1    1    1    1    1    1    1    1  4.41454E+16 0.02443 
   55   55    1    1    1    1    1    1    1    1  4.45260E+16 0.02326 
   56   56    1    1    1    1    1    1    1    1  4.26584E+16 0.02248 
   57   57    1    1    1    1    1    1    1    1  4.40656E+16 0.02358 
   58   58    1    1    1    1    1    1    1    1  4.29336E+16 0.02232 
   59   59    1    1    1    1    1    1    1    1  4.64933E+16 0.02225 
   60   60    1    1    1    1    1    1    1    1  4.46857E+16 0.02212 
   61   61    1    1    1    1    1    1    1    1  4.52000E+16 0.02061 
   62   62    1    1    1    1    1    1    1    1  4.64809E+16 0.02226 
   63   63    1    1    1    1    1    1    1    1  4.54633E+16 0.02302 
   64   64    1    1    1    1    1    1    1    1  4.62972E+16 0.02425 
   65   65    1    1    1    1    1    1    1    1  4.68444E+16 0.01542 
   66   66    1    1    1    1    1    1    1    1  4.86401E+16 0.01666 
   67   67    1    1    1    1    1    1    1    1  4.99325E+16 0.01452 
   68   68    1    1    1    1    1    1    1    1  5.03192E+16 0.01641 
   69   69    1    1    1    1    1    1    1    1  5.13286E+16 0.01370 
   70   70    1    1    1    1    1    1    1    1  5.33874E+16 0.01415 
   71   71    1    1    1    1    1    1    1    1  5.55150E+16 0.01247 
   72   72    1    1    1    1    1    1    1    1  5.70184E+16 0.01314 
   73   73    1    1    1    1    1    1    1    1  5.85344E+16 0.01420 
   74   74    1    1    1    1    1    1    1    1  6.07178E+16 0.01311 
   75   75    1    1    1    1    1    1    1    1  6.34001E+16 0.01160 
   76   76    1    1    1    1    1    1    1    1  6.63828E+16 0.01183 
   77   77    1    1    1    1    1    1    1    1  6.75997E+16 0.01059 
   78   78    1    1    1    1    1    1    1    1  7.07177E+16 0.01031 
   79   79    1    1    1    1    1    1    1    1  7.27352E+16 0.01283 
   80   80    1    1    1    1    1    1    1    1  7.46599E+16 0.00997 
   81   81    1    1    1    1    1    1    1    1  7.75366E+16 0.01096 
   82   82    1    1    1    1    1    1    1    1  7.88362E+16 0.01044 
   83   83    1    1    1    1    1    1    1    1  7.98942E+16 0.01024 
   84   84    1    1    1    1    1    1    1    1  8.14126E+16 0.01006 
   85   85    1    1    1    1    1    1    1    1  8.39475E+16 0.00962 
   86   86    1    1    1    1    1    1    1    1  8.57626E+16 0.01069 
   87   87    1    1    1    1    1    1    1    1  8.73584E+16 0.01110 
   88   88    1    1    1    1    1    1    1    1  9.00543E+16 0.01025 
   89   89    1    1    1    1    1    1    1    1  9.42434E+16 0.00950 
   90   90    1    1    1    1    1    1    1    1  9.49647E+16 0.01526 
   91   91    1    1    1    1    1    1    1    1  9.37112E+16 0.01183 
   92   92    1    1    1    1    1    1    1    1  9.54850E+16 0.01004 
   93   93    1    1    1    1    1    1    1    1  9.95409E+16 0.00812 
   94   94    1    1    1    1    1    1    1    1  1.03812E+17 0.00844 
   95   95    1    1    1    1    1    1    1    1  1.07744E+17 0.00833 
   96   96    1    1    1    1    1    1    1    1  1.12501E+17 0.00660 
   97   97    1    1    1    1    1    1    1    1  1.17183E+17 0.00738 
   98   98    1    1    1    1    1    1    1    1  1.22415E+17 0.00739 
   99   99    1    1    1    1    1    1    1    1  1.27216E+17 0.00646 
  100  100    1    1    1    1    1    1    1    1  1.31414E+17 0.00734 
  101  101    1    1    1    1    1    1    1    1  1.33647E+17 0.00811 
  102  102    1    1    1    1    1    1    1    1  1.34496E+17 0.00787 
  103  103    1    1    1    1    1    1    1    1  1.36401E+17 0.00779 
  104  104    1    1    1    1    1    1    1    1  1.41771E+17 0.00905 
  105  105    1    1    1    1    1    1    1    1  1.44033E+17 0.00548 
  106  106    1    1    1    1    1    1    1    1  1.51631E+17 0.00542 
  107  107    1    1    1    1    1    1    1    1  1.56243E+17 0.00581 
  108  108    1    1    1    1    1    1    1    1  1.62752E+17 0.00493 
  109  109    1    1    1    1    1    1    1    1  1.67051E+17 0.00652 
