
DETspectrum = [
    1    1    1    1    1    1    1    1    1    1  0.00000E+00 0.00000 
    2    2    1    1    1    1    1    1    1    1  0.00000E+00 0.00000 
    3    3    1    1    1    1    1    1    1    1  0.00000E+00 0.00000 
    4    4    1    1    1    1    1    1    1    1  0.00000E+00 0.00000 
    5    5    1    1    1    1    1    1    1    1  0.00000E+00 0.00000 
    6    6    1    1    1    1    1    1    1    1  0.00000E+00 0.00000 
    7    7    1    1    1    1    1    1    1    1  0.00000E+00 0.00000 
    8    8    1    1    1    1    1    1    1    1  0.00000E+00 0.00000 
    9    9    1    1    1    1    1    1    1    1  0.00000E+00 0.00000 
   10   10    1    1    1    1    1    1    1    1  0.00000E+00 0.00000 
   11   11    1    1    1    1    1    1    1    1  0.00000E+00 0.00000 
   12   12    1    1    1    1    1    1    1    1  2.45027E+11 1.00000 
   13   13    1    1    1    1    1    1    1    1  1.83286E+12 0.52377 
   14   14    1    1    1    1    1    1    1    1  6.50552E+12 0.28820 
   15   15    1    1    1    1    1    1    1    1  2.87617E+13 0.23975 
   16   16    1    1    1    1    1    1    1    1  4.98740E+13 0.16235 
   17   17    1    1    1    1    1    1    1    1  8.97109E+13 0.14853 
   18   18    1    1    1    1    1    1    1    1  1.45476E+14 0.13177 
   19   19    1    1    1    1    1    1    1    1  2.20379E+14 0.11390 
   20   20    1    1    1    1    1    1    1    1  3.15868E+14 0.09669 
   21   21    1    1    1    1    1    1    1    1  4.27840E+14 0.08208 
   22   22    1    1    1    1    1    1    1    1  5.76901E+14 0.07376 
   23   23    1    1    1    1    1    1    1    1  9.34776E+14 0.05971 
   24   24    1    1    1    1    1    1    1    1  1.43729E+15 0.04560 
   25   25    1    1    1    1    1    1    1    1  2.12000E+15 0.04312 
   26   26    1    1    1    1    1    1    1    1  2.95796E+15 0.03803 
   27   27    1    1    1    1    1    1    1    1  4.02949E+15 0.03321 
   28   28    1    1    1    1    1    1    1    1  5.19000E+15 0.03405 
   29   29    1    1    1    1    1    1    1    1  6.11410E+15 0.03232 
   30   30    1    1    1    1    1    1    1    1  7.31934E+15 0.03033 
   31   31    1    1    1    1    1    1    1    1  8.52351E+15 0.02719 
   32   32    1    1    1    1    1    1    1    1  9.46890E+15 0.02545 
   33   33    1    1    1    1    1    1    1    1  1.07133E+16 0.02718 
   34   34    1    1    1    1    1    1    1    1  1.22509E+16 0.02789 
   35   35    1    1    1    1    1    1    1    1  1.41053E+16 0.02253 
   36   36    1    1    1    1    1    1    1    1  1.66980E+16 0.02030 
   37   37    1    1    1    1    1    1    1    1  1.90628E+16 0.01984 
   38   38    1    1    1    1    1    1    1    1  2.21401E+16 0.01730 
   39   39    1    1    1    1    1    1    1    1  2.36210E+16 0.01974 
   40   40    1    1    1    1    1    1    1    1  2.43491E+16 0.01844 
   41   41    1    1    1    1    1    1    1    1  2.63234E+16 0.01603 
   42   42    1    1    1    1    1    1    1    1  2.86947E+16 0.01595 
   43   43    1    1    1    1    1    1    1    1  3.07245E+16 0.01725 
   44   44    1    1    1    1    1    1    1    1  3.32114E+16 0.01733 
   45   45    1    1    1    1    1    1    1    1  3.54988E+16 0.01643 
   46   46    1    1    1    1    1    1    1    1  3.67258E+16 0.01708 
   47   47    1    1    1    1    1    1    1    1  3.82036E+16 0.01837 
   48   48    1    1    1    1    1    1    1    1  3.94665E+16 0.01810 
   49   49    1    1    1    1    1    1    1    1  3.98037E+16 0.01578 
   50   50    1    1    1    1    1    1    1    1  4.17684E+16 0.02187 
   51   51    1    1    1    1    1    1    1    1  4.14293E+16 0.02175 
   52   52    1    1    1    1    1    1    1    1  4.06559E+16 0.02401 
   53   53    1    1    1    1    1    1    1    1  4.37293E+16 0.02037 
   54   54    1    1    1    1    1    1    1    1  4.01603E+16 0.02586 
   55   55    1    1    1    1    1    1    1    1  4.28837E+16 0.02385 
   56   56    1    1    1    1    1    1    1    1  4.37975E+16 0.02223 
   57   57    1    1    1    1    1    1    1    1  4.35693E+16 0.02320 
   58   58    1    1    1    1    1    1    1    1  4.39739E+16 0.02244 
   59   59    1    1    1    1    1    1    1    1  4.27978E+16 0.02175 
   60   60    1    1    1    1    1    1    1    1  4.61468E+16 0.02115 
   61   61    1    1    1    1    1    1    1    1  4.61421E+16 0.02475 
   62   62    1    1    1    1    1    1    1    1  4.30940E+16 0.02160 
   63   63    1    1    1    1    1    1    1    1  4.57705E+16 0.02598 
   64   64    1    1    1    1    1    1    1    1  4.43482E+16 0.02513 
   65   65    1    1    1    1    1    1    1    1  4.57992E+16 0.01586 
   66   66    1    1    1    1    1    1    1    1  4.83983E+16 0.01637 
   67   67    1    1    1    1    1    1    1    1  4.85930E+16 0.01603 
   68   68    1    1    1    1    1    1    1    1  5.04561E+16 0.01507 
   69   69    1    1    1    1    1    1    1    1  5.14151E+16 0.01381 
   70   70    1    1    1    1    1    1    1    1  5.29334E+16 0.01388 
   71   71    1    1    1    1    1    1    1    1  5.48534E+16 0.01275 
   72   72    1    1    1    1    1    1    1    1  5.53373E+16 0.01322 
   73   73    1    1    1    1    1    1    1    1  5.75021E+16 0.01353 
   74   74    1    1    1    1    1    1    1    1  6.01905E+16 0.01161 
   75   75    1    1    1    1    1    1    1    1  6.14136E+16 0.01062 
   76   76    1    1    1    1    1    1    1    1  6.46659E+16 0.01180 
   77   77    1    1    1    1    1    1    1    1  6.69075E+16 0.01165 
   78   78    1    1    1    1    1    1    1    1  6.86297E+16 0.01161 
   79   79    1    1    1    1    1    1    1    1  7.18963E+16 0.01198 
   80   80    1    1    1    1    1    1    1    1  7.38904E+16 0.01080 
   81   81    1    1    1    1    1    1    1    1  7.56088E+16 0.01055 
   82   82    1    1    1    1    1    1    1    1  7.91285E+16 0.01064 
   83   83    1    1    1    1    1    1    1    1  8.14181E+16 0.01060 
   84   84    1    1    1    1    1    1    1    1  8.38143E+16 0.01024 
   85   85    1    1    1    1    1    1    1    1  8.50582E+16 0.01162 
   86   86    1    1    1    1    1    1    1    1  8.58871E+16 0.01044 
   87   87    1    1    1    1    1    1    1    1  8.80659E+16 0.01069 
   88   88    1    1    1    1    1    1    1    1  8.91838E+16 0.00992 
   89   89    1    1    1    1    1    1    1    1  9.07846E+16 0.01023 
   90   90    1    1    1    1    1    1    1    1  9.23243E+16 0.01391 
   91   91    1    1    1    1    1    1    1    1  9.41369E+16 0.01401 
   92   92    1    1    1    1    1    1    1    1  9.53457E+16 0.01037 
   93   93    1    1    1    1    1    1    1    1  9.81012E+16 0.00744 
   94   94    1    1    1    1    1    1    1    1  1.03073E+17 0.00870 
   95   95    1    1    1    1    1    1    1    1  1.05946E+17 0.00765 
   96   96    1    1    1    1    1    1    1    1  1.12301E+17 0.00633 
   97   97    1    1    1    1    1    1    1    1  1.18274E+17 0.00693 
   98   98    1    1    1    1    1    1    1    1  1.21720E+17 0.00726 
   99   99    1    1    1    1    1    1    1    1  1.26072E+17 0.00640 
  100  100    1    1    1    1    1    1    1    1  1.30585E+17 0.00697 
  101  101    1    1    1    1    1    1    1    1  1.31993E+17 0.00802 
  102  102    1    1    1    1    1    1    1    1  1.34247E+17 0.00789 
  103  103    1    1    1    1    1    1    1    1  1.36229E+17 0.00772 
  104  104    1    1    1    1    1    1    1    1  1.38515E+17 0.00959 
  105  105    1    1    1    1    1    1    1    1  1.41547E+17 0.00614 
  106  106    1    1    1    1    1    1    1    1  1.49392E+17 0.00581 
  107  107    1    1    1    1    1    1    1    1  1.55651E+17 0.00593 
  108  108    1    1    1    1    1    1    1    1  1.61689E+17 0.00539 
  109  109    1    1    1    1    1    1    1    1  1.64966E+17 0.00680 
