
DETspectrum = [
    1    1    1    1    1    1    1    1    1    1  0.00000E+00 0.00000 
    2    2    1    1    1    1    1    1    1    1  0.00000E+00 0.00000 
    3    3    1    1    1    1    1    1    1    1  0.00000E+00 0.00000 
    4    4    1    1    1    1    1    1    1    1  0.00000E+00 0.00000 
    5    5    1    1    1    1    1    1    1    1  6.50198E+11 1.00000 
    6    6    1    1    1    1    1    1    1    1  0.00000E+00 0.00000 
    7    7    1    1    1    1    1    1    1    1  2.50205E+11 1.00000 
    8    8    1    1    1    1    1    1    1    1  3.35189E+11 1.00000 
    9    9    1    1    1    1    1    1    1    1  0.00000E+00 0.00000 
   10   10    1    1    1    1    1    1    1    1  0.00000E+00 0.00000 
   11   11    1    1    1    1    1    1    1    1  0.00000E+00 0.00000 
   12   12    1    1    1    1    1    1    1    1  4.85501E+11 0.70515 
   13   13    1    1    1    1    1    1    1    1  1.47493E+12 0.60632 
   14   14    1    1    1    1    1    1    1    1  4.79496E+12 0.29335 
   15   15    1    1    1    1    1    1    1    1  2.01348E+13 0.23329 
   16   16    1    1    1    1    1    1    1    1  3.90693E+13 0.16241 
   17   17    1    1    1    1    1    1    1    1  8.70077E+13 0.13928 
   18   18    1    1    1    1    1    1    1    1  1.22363E+14 0.12764 
   19   19    1    1    1    1    1    1    1    1  2.40536E+14 0.11111 
   20   20    1    1    1    1    1    1    1    1  3.50305E+14 0.09334 
   21   21    1    1    1    1    1    1    1    1  4.95583E+14 0.08551 
   22   22    1    1    1    1    1    1    1    1  6.42763E+14 0.07835 
   23   23    1    1    1    1    1    1    1    1  9.74144E+14 0.05522 
   24   24    1    1    1    1    1    1    1    1  1.51837E+15 0.04871 
   25   25    1    1    1    1    1    1    1    1  2.17047E+15 0.04210 
   26   26    1    1    1    1    1    1    1    1  3.12543E+15 0.04140 
   27   27    1    1    1    1    1    1    1    1  4.05270E+15 0.03540 
   28   28    1    1    1    1    1    1    1    1  5.10782E+15 0.03555 
   29   29    1    1    1    1    1    1    1    1  6.46396E+15 0.03407 
   30   30    1    1    1    1    1    1    1    1  7.38729E+15 0.03167 
   31   31    1    1    1    1    1    1    1    1  9.12514E+15 0.03189 
   32   32    1    1    1    1    1    1    1    1  1.03527E+16 0.02824 
   33   33    1    1    1    1    1    1    1    1  1.15529E+16 0.02586 
   34   34    1    1    1    1    1    1    1    1  1.34111E+16 0.02415 
   35   35    1    1    1    1    1    1    1    1  1.49200E+16 0.02302 
   36   36    1    1    1    1    1    1    1    1  1.72981E+16 0.02188 
   37   37    1    1    1    1    1    1    1    1  2.00316E+16 0.02138 
   38   38    1    1    1    1    1    1    1    1  2.28182E+16 0.01999 
   39   39    1    1    1    1    1    1    1    1  2.42774E+16 0.01975 
   40   40    1    1    1    1    1    1    1    1  2.51500E+16 0.02220 
   41   41    1    1    1    1    1    1    1    1  2.72997E+16 0.01769 
   42   42    1    1    1    1    1    1    1    1  2.86504E+16 0.01857 
   43   43    1    1    1    1    1    1    1    1  3.16310E+16 0.01804 
   44   44    1    1    1    1    1    1    1    1  3.36778E+16 0.01702 
   45   45    1    1    1    1    1    1    1    1  3.54377E+16 0.01673 
   46   46    1    1    1    1    1    1    1    1  3.76516E+16 0.01685 
   47   47    1    1    1    1    1    1    1    1  3.85758E+16 0.01796 
   48   48    1    1    1    1    1    1    1    1  3.93415E+16 0.01863 
   49   49    1    1    1    1    1    1    1    1  3.93928E+16 0.01713 
   50   50    1    1    1    1    1    1    1    1  4.09855E+16 0.02178 
   51   51    1    1    1    1    1    1    1    1  4.39762E+16 0.02140 
   52   52    1    1    1    1    1    1    1    1  4.20872E+16 0.02499 
   53   53    1    1    1    1    1    1    1    1  4.17246E+16 0.02425 
   54   54    1    1    1    1    1    1    1    1  4.25291E+16 0.02390 
   55   55    1    1    1    1    1    1    1    1  4.38109E+16 0.02200 
   56   56    1    1    1    1    1    1    1    1  4.33447E+16 0.02460 
   57   57    1    1    1    1    1    1    1    1  4.36960E+16 0.02194 
   58   58    1    1    1    1    1    1    1    1  4.34939E+16 0.02009 
   59   59    1    1    1    1    1    1    1    1  4.30457E+16 0.02143 
   60   60    1    1    1    1    1    1    1    1  4.48100E+16 0.02211 
   61   61    1    1    1    1    1    1    1    1  4.35357E+16 0.02379 
   62   62    1    1    1    1    1    1    1    1  4.58480E+16 0.02480 
   63   63    1    1    1    1    1    1    1    1  4.48638E+16 0.02166 
   64   64    1    1    1    1    1    1    1    1  4.49150E+16 0.02428 
   65   65    1    1    1    1    1    1    1    1  4.57853E+16 0.01727 
   66   66    1    1    1    1    1    1    1    1  4.81292E+16 0.01788 
   67   67    1    1    1    1    1    1    1    1  4.82484E+16 0.01725 
   68   68    1    1    1    1    1    1    1    1  5.00676E+16 0.01816 
   69   69    1    1    1    1    1    1    1    1  5.17890E+16 0.01525 
   70   70    1    1    1    1    1    1    1    1  5.32878E+16 0.01258 
   71   71    1    1    1    1    1    1    1    1  5.51775E+16 0.01351 
   72   72    1    1    1    1    1    1    1    1  5.70387E+16 0.01449 
   73   73    1    1    1    1    1    1    1    1  5.85135E+16 0.01428 
   74   74    1    1    1    1    1    1    1    1  5.99371E+16 0.01204 
   75   75    1    1    1    1    1    1    1    1  6.30665E+16 0.01075 
   76   76    1    1    1    1    1    1    1    1  6.49392E+16 0.01127 
   77   77    1    1    1    1    1    1    1    1  6.70391E+16 0.01273 
   78   78    1    1    1    1    1    1    1    1  7.05493E+16 0.01282 
   79   79    1    1    1    1    1    1    1    1  7.16893E+16 0.01233 
   80   80    1    1    1    1    1    1    1    1  7.58610E+16 0.01031 
   81   81    1    1    1    1    1    1    1    1  7.72532E+16 0.01133 
   82   82    1    1    1    1    1    1    1    1  8.01320E+16 0.01085 
   83   83    1    1    1    1    1    1    1    1  8.09631E+16 0.01121 
   84   84    1    1    1    1    1    1    1    1  8.33243E+16 0.01117 
   85   85    1    1    1    1    1    1    1    1  8.60487E+16 0.01124 
   86   86    1    1    1    1    1    1    1    1  8.51730E+16 0.00990 
   87   87    1    1    1    1    1    1    1    1  8.82916E+16 0.01067 
   88   88    1    1    1    1    1    1    1    1  8.97788E+16 0.00989 
   89   89    1    1    1    1    1    1    1    1  9.26123E+16 0.00971 
   90   90    1    1    1    1    1    1    1    1  9.49026E+16 0.01438 
   91   91    1    1    1    1    1    1    1    1  9.55541E+16 0.01363 
   92   92    1    1    1    1    1    1    1    1  9.65333E+16 0.01204 
   93   93    1    1    1    1    1    1    1    1  9.95356E+16 0.00822 
   94   94    1    1    1    1    1    1    1    1  1.03597E+17 0.00808 
   95   95    1    1    1    1    1    1    1    1  1.06986E+17 0.00860 
   96   96    1    1    1    1    1    1    1    1  1.13168E+17 0.00709 
   97   97    1    1    1    1    1    1    1    1  1.18814E+17 0.00703 
   98   98    1    1    1    1    1    1    1    1  1.21368E+17 0.00672 
   99   99    1    1    1    1    1    1    1    1  1.26534E+17 0.00660 
  100  100    1    1    1    1    1    1    1    1  1.29777E+17 0.00838 
  101  101    1    1    1    1    1    1    1    1  1.31376E+17 0.00845 
  102  102    1    1    1    1    1    1    1    1  1.33993E+17 0.00776 
  103  103    1    1    1    1    1    1    1    1  1.35175E+17 0.00757 
  104  104    1    1    1    1    1    1    1    1  1.37218E+17 0.00924 
  105  105    1    1    1    1    1    1    1    1  1.43014E+17 0.00611 
  106  106    1    1    1    1    1    1    1    1  1.50953E+17 0.00585 
  107  107    1    1    1    1    1    1    1    1  1.55426E+17 0.00610 
  108  108    1    1    1    1    1    1    1    1  1.61514E+17 0.00549 
  109  109    1    1    1    1    1    1    1    1  1.64978E+17 0.00685 
