
DETspectrum = [
    1    1    1    1    1    1    1    1    1    1  0.00000E+00 0.00000 
    2    2    1    1    1    1    1    1    1    1  0.00000E+00 0.00000 
    3    3    1    1    1    1    1    1    1    1  0.00000E+00 0.00000 
    4    4    1    1    1    1    1    1    1    1  0.00000E+00 0.00000 
    5    5    1    1    1    1    1    1    1    1  0.00000E+00 0.00000 
    6    6    1    1    1    1    1    1    1    1  0.00000E+00 0.00000 
    7    7    1    1    1    1    1    1    1    1  0.00000E+00 0.00000 
    8    8    1    1    1    1    1    1    1    1  0.00000E+00 0.00000 
    9    9    1    1    1    1    1    1    1    1  0.00000E+00 0.00000 
   10   10    1    1    1    1    1    1    1    1  0.00000E+00 0.00000 
   11   11    1    1    1    1    1    1    1    1  0.00000E+00 0.00000 
   12   12    1    1    1    1    1    1    1    1  0.00000E+00 0.00000 
   13   13    1    1    1    1    1    1    1    1  1.11608E+12 0.57357 
   14   14    1    1    1    1    1    1    1    1  5.99931E+12 0.35021 
   15   15    1    1    1    1    1    1    1    1  1.67104E+13 0.32167 
   16   16    1    1    1    1    1    1    1    1  2.84178E+13 0.18837 
   17   17    1    1    1    1    1    1    1    1  8.83951E+13 0.14919 
   18   18    1    1    1    1    1    1    1    1  1.50593E+14 0.12137 
   19   19    1    1    1    1    1    1    1    1  2.12723E+14 0.09957 
   20   20    1    1    1    1    1    1    1    1  3.42228E+14 0.09532 
   21   21    1    1    1    1    1    1    1    1  4.98976E+14 0.08286 
   22   22    1    1    1    1    1    1    1    1  6.60784E+14 0.06861 
   23   23    1    1    1    1    1    1    1    1  9.63738E+14 0.05106 
   24   24    1    1    1    1    1    1    1    1  1.51238E+15 0.04410 
   25   25    1    1    1    1    1    1    1    1  2.17644E+15 0.04311 
   26   26    1    1    1    1    1    1    1    1  3.07005E+15 0.04014 
   27   27    1    1    1    1    1    1    1    1  3.93605E+15 0.03613 
   28   28    1    1    1    1    1    1    1    1  5.00177E+15 0.03033 
   29   29    1    1    1    1    1    1    1    1  5.99810E+15 0.03218 
   30   30    1    1    1    1    1    1    1    1  6.91980E+15 0.02778 
   31   31    1    1    1    1    1    1    1    1  8.62893E+15 0.02748 
   32   32    1    1    1    1    1    1    1    1  9.69651E+15 0.02514 
   33   33    1    1    1    1    1    1    1    1  1.13144E+16 0.02726 
   34   34    1    1    1    1    1    1    1    1  1.25986E+16 0.02460 
   35   35    1    1    1    1    1    1    1    1  1.47213E+16 0.02141 
   36   36    1    1    1    1    1    1    1    1  1.66695E+16 0.01939 
   37   37    1    1    1    1    1    1    1    1  1.94185E+16 0.02028 
   38   38    1    1    1    1    1    1    1    1  2.19446E+16 0.01838 
   39   39    1    1    1    1    1    1    1    1  2.37567E+16 0.02058 
   40   40    1    1    1    1    1    1    1    1  2.48631E+16 0.02081 
   41   41    1    1    1    1    1    1    1    1  2.70288E+16 0.01675 
   42   42    1    1    1    1    1    1    1    1  2.93313E+16 0.01608 
   43   43    1    1    1    1    1    1    1    1  3.14029E+16 0.01495 
   44   44    1    1    1    1    1    1    1    1  3.37009E+16 0.01405 
   45   45    1    1    1    1    1    1    1    1  3.58495E+16 0.01476 
   46   46    1    1    1    1    1    1    1    1  3.70085E+16 0.01751 
   47   47    1    1    1    1    1    1    1    1  3.78735E+16 0.01668 
   48   48    1    1    1    1    1    1    1    1  3.95298E+16 0.01819 
   49   49    1    1    1    1    1    1    1    1  3.99010E+16 0.01643 
   50   50    1    1    1    1    1    1    1    1  3.96110E+16 0.02268 
   51   51    1    1    1    1    1    1    1    1  4.13061E+16 0.02410 
   52   52    1    1    1    1    1    1    1    1  4.12543E+16 0.02006 
   53   53    1    1    1    1    1    1    1    1  4.24363E+16 0.02467 
   54   54    1    1    1    1    1    1    1    1  4.09137E+16 0.02346 
   55   55    1    1    1    1    1    1    1    1  4.23731E+16 0.02489 
   56   56    1    1    1    1    1    1    1    1  4.29013E+16 0.02208 
   57   57    1    1    1    1    1    1    1    1  4.25233E+16 0.02433 
   58   58    1    1    1    1    1    1    1    1  4.45075E+16 0.02271 
   59   59    1    1    1    1    1    1    1    1  4.30759E+16 0.02193 
   60   60    1    1    1    1    1    1    1    1  4.54874E+16 0.02166 
   61   61    1    1    1    1    1    1    1    1  4.67698E+16 0.02274 
   62   62    1    1    1    1    1    1    1    1  4.57255E+16 0.02232 
   63   63    1    1    1    1    1    1    1    1  4.55601E+16 0.02210 
   64   64    1    1    1    1    1    1    1    1  4.72917E+16 0.01869 
   65   65    1    1    1    1    1    1    1    1  4.70672E+16 0.01639 
   66   66    1    1    1    1    1    1    1    1  4.69027E+16 0.01621 
   67   67    1    1    1    1    1    1    1    1  4.75698E+16 0.01735 
   68   68    1    1    1    1    1    1    1    1  4.81375E+16 0.01663 
   69   69    1    1    1    1    1    1    1    1  5.00742E+16 0.01465 
   70   70    1    1    1    1    1    1    1    1  5.34117E+16 0.01280 
   71   71    1    1    1    1    1    1    1    1  5.54293E+16 0.01309 
   72   72    1    1    1    1    1    1    1    1  5.61637E+16 0.01327 
   73   73    1    1    1    1    1    1    1    1  5.80546E+16 0.01183 
   74   74    1    1    1    1    1    1    1    1  5.97574E+16 0.01250 
   75   75    1    1    1    1    1    1    1    1  6.26887E+16 0.01211 
   76   76    1    1    1    1    1    1    1    1  6.48839E+16 0.01265 
   77   77    1    1    1    1    1    1    1    1  6.74286E+16 0.01165 
   78   78    1    1    1    1    1    1    1    1  6.88097E+16 0.01218 
   79   79    1    1    1    1    1    1    1    1  7.06920E+16 0.01210 
   80   80    1    1    1    1    1    1    1    1  7.28156E+16 0.00996 
   81   81    1    1    1    1    1    1    1    1  7.54456E+16 0.00998 
   82   82    1    1    1    1    1    1    1    1  7.97618E+16 0.01094 
   83   83    1    1    1    1    1    1    1    1  8.11672E+16 0.01197 
   84   84    1    1    1    1    1    1    1    1  8.12274E+16 0.01193 
   85   85    1    1    1    1    1    1    1    1  8.30434E+16 0.00940 
   86   86    1    1    1    1    1    1    1    1  8.48067E+16 0.01014 
   87   87    1    1    1    1    1    1    1    1  8.83761E+16 0.01004 
   88   88    1    1    1    1    1    1    1    1  8.81884E+16 0.01013 
   89   89    1    1    1    1    1    1    1    1  9.03279E+16 0.00923 
   90   90    1    1    1    1    1    1    1    1  9.25567E+16 0.01506 
   91   91    1    1    1    1    1    1    1    1  9.32869E+16 0.01480 
   92   92    1    1    1    1    1    1    1    1  9.32713E+16 0.01078 
   93   93    1    1    1    1    1    1    1    1  9.78306E+16 0.00757 
   94   94    1    1    1    1    1    1    1    1  1.02381E+17 0.00805 
   95   95    1    1    1    1    1    1    1    1  1.05915E+17 0.00819 
   96   96    1    1    1    1    1    1    1    1  1.12276E+17 0.00694 
   97   97    1    1    1    1    1    1    1    1  1.18620E+17 0.00849 
   98   98    1    1    1    1    1    1    1    1  1.21410E+17 0.00652 
   99   99    1    1    1    1    1    1    1    1  1.26082E+17 0.00637 
  100  100    1    1    1    1    1    1    1    1  1.29658E+17 0.00717 
  101  101    1    1    1    1    1    1    1    1  1.31928E+17 0.00776 
  102  102    1    1    1    1    1    1    1    1  1.34549E+17 0.00800 
  103  103    1    1    1    1    1    1    1    1  1.34944E+17 0.00764 
  104  104    1    1    1    1    1    1    1    1  1.38986E+17 0.00931 
  105  105    1    1    1    1    1    1    1    1  1.42228E+17 0.00602 
  106  106    1    1    1    1    1    1    1    1  1.50397E+17 0.00565 
  107  107    1    1    1    1    1    1    1    1  1.55534E+17 0.00556 
  108  108    1    1    1    1    1    1    1    1  1.61367E+17 0.00552 
  109  109    1    1    1    1    1    1    1    1  1.66588E+17 0.00688 
