
DETspectrum = [
    1    1    1    1    1    1    1    1    1    1  0.00000E+00 0.00000 
    2    2    1    1    1    1    1    1    1    1  0.00000E+00 0.00000 
    3    3    1    1    1    1    1    1    1    1  0.00000E+00 0.00000 
    4    4    1    1    1    1    1    1    1    1  0.00000E+00 0.00000 
    5    5    1    1    1    1    1    1    1    1  0.00000E+00 0.00000 
    6    6    1    1    1    1    1    1    1    1  0.00000E+00 0.00000 
    7    7    1    1    1    1    1    1    1    1  0.00000E+00 0.00000 
    8    8    1    1    1    1    1    1    1    1  0.00000E+00 0.00000 
    9    9    1    1    1    1    1    1    1    1  0.00000E+00 0.00000 
   10   10    1    1    1    1    1    1    1    1  0.00000E+00 0.00000 
   11   11    1    1    1    1    1    1    1    1  0.00000E+00 0.00000 
   12   12    1    1    1    1    1    1    1    1  0.00000E+00 0.00000 
   13   13    1    1    1    1    1    1    1    1  0.00000E+00 0.00000 
   14   14    1    1    1    1    1    1    1    1  0.00000E+00 0.00000 
   15   15    1    1    1    1    1    1    1    1  0.00000E+00 0.00000 
   16   16    1    1    1    1    1    1    1    1  0.00000E+00 0.00000 
   17   17    1    1    1    1    1    1    1    1  4.97451E-06 1.00000 
   18   18    1    1    1    1    1    1    1    1  1.34149E-05 0.67639 
   19   19    1    1    1    1    1    1    1    1  1.56108E-05 0.96515 
   20   20    1    1    1    1    1    1    1    1  1.87608E-05 0.96584 
   21   21    1    1    1    1    1    1    1    1  7.30234E-07 1.00000 
   22   22    1    1    1    1    1    1    1    1  4.08383E-06 0.59006 
   23   23    1    1    1    1    1    1    1    1  1.86813E-05 0.87550 
   24   24    1    1    1    1    1    1    1    1  2.07603E-05 0.44699 
   25   25    1    1    1    1    1    1    1    1  4.79025E-05 0.41216 
   26   26    1    1    1    1    1    1    1    1  7.89717E-05 0.43735 
   27   27    1    1    1    1    1    1    1    1  9.86713E-05 0.38199 
   28   28    1    1    1    1    1    1    1    1  1.58228E-04 0.33226 
   29   29    1    1    1    1    1    1    1    1  1.48510E-04 0.29955 
   30   30    1    1    1    1    1    1    1    1  2.26705E-04 0.26921 
   31   31    1    1    1    1    1    1    1    1  1.58302E-04 0.26416 
   32   32    1    1    1    1    1    1    1    1  2.99748E-04 0.29866 
   33   33    1    1    1    1    1    1    1    1  3.03258E-04 0.25934 
   34   34    1    1    1    1    1    1    1    1  4.18091E-04 0.24766 
   35   35    1    1    1    1    1    1    1    1  4.61346E-04 0.20853 
   36   36    1    1    1    1    1    1    1    1  6.81463E-04 0.16179 
   37   37    1    1    1    1    1    1    1    1  9.67075E-04 0.14010 
   38   38    1    1    1    1    1    1    1    1  1.47735E-03 0.17317 
   39   39    1    1    1    1    1    1    1    1  1.55017E-03 0.22387 
   40   40    1    1    1    1    1    1    1    1  1.64795E-03 0.17568 
   41   41    1    1    1    1    1    1    1    1  1.56627E-03 0.16318 
   42   42    1    1    1    1    1    1    1    1  1.82448E-03 0.16386 
   43   43    1    1    1    1    1    1    1    1  1.81633E-03 0.14804 
   44   44    1    1    1    1    1    1    1    1  1.63809E-03 0.12877 
   45   45    1    1    1    1    1    1    1    1  1.74295E-03 0.14201 
   46   46    1    1    1    1    1    1    1    1  1.65233E-03 0.16080 
   47   47    1    1    1    1    1    1    1    1  2.28087E-03 0.20075 
   48   48    1    1    1    1    1    1    1    1  2.33763E-03 0.14705 
   49   49    1    1    1    1    1    1    1    1  2.28012E-03 0.18422 
   50   50    1    1    1    1    1    1    1    1  2.19189E-03 0.21793 
   51   51    1    1    1    1    1    1    1    1  2.15275E-03 0.20211 
   52   52    1    1    1    1    1    1    1    1  2.81745E-03 0.21225 
   53   53    1    1    1    1    1    1    1    1  2.38221E-03 0.20381 
   54   54    1    1    1    1    1    1    1    1  2.52961E-03 0.23231 
   55   55    1    1    1    1    1    1    1    1  2.23711E-03 0.20123 
   56   56    1    1    1    1    1    1    1    1  2.37329E-03 0.19282 
   57   57    1    1    1    1    1    1    1    1  1.82159E-03 0.26637 
   58   58    1    1    1    1    1    1    1    1  2.08896E-03 0.21635 
   59   59    1    1    1    1    1    1    1    1  2.54044E-03 0.19591 
   60   60    1    1    1    1    1    1    1    1  2.54049E-03 0.23291 
   61   61    1    1    1    1    1    1    1    1  2.48545E-03 0.20371 
   62   62    1    1    1    1    1    1    1    1  2.72903E-03 0.20885 
   63   63    1    1    1    1    1    1    1    1  2.92090E-03 0.18183 
   64   64    1    1    1    1    1    1    1    1  3.10621E-03 0.22471 
   65   65    1    1    1    1    1    1    1    1  2.12776E-03 0.16256 
   66   66    1    1    1    1    1    1    1    1  2.45595E-03 0.15995 
   67   67    1    1    1    1    1    1    1    1  2.84792E-03 0.22192 
   68   68    1    1    1    1    1    1    1    1  2.56139E-03 0.15310 
   69   69    1    1    1    1    1    1    1    1  2.86824E-03 0.10344 
   70   70    1    1    1    1    1    1    1    1  3.18043E-03 0.12390 
   71   71    1    1    1    1    1    1    1    1  3.13381E-03 0.15372 
   72   72    1    1    1    1    1    1    1    1  2.59612E-03 0.13488 
   73   73    1    1    1    1    1    1    1    1  4.00649E-03 0.12702 
   74   74    1    1    1    1    1    1    1    1  3.44716E-03 0.11287 
   75   75    1    1    1    1    1    1    1    1  3.20002E-03 0.12416 
   76   76    1    1    1    1    1    1    1    1  3.56814E-03 0.10964 
   77   77    1    1    1    1    1    1    1    1  4.11275E-03 0.09179 
   78   78    1    1    1    1    1    1    1    1  4.04051E-03 0.12856 
   79   79    1    1    1    1    1    1    1    1  3.88218E-03 0.10724 
   80   80    1    1    1    1    1    1    1    1  4.99300E-03 0.09327 
   81   81    1    1    1    1    1    1    1    1  4.78418E-03 0.11183 
   82   82    1    1    1    1    1    1    1    1  4.68684E-03 0.13750 
   83   83    1    1    1    1    1    1    1    1  4.59850E-03 0.08216 
   84   84    1    1    1    1    1    1    1    1  5.14393E-03 0.09292 
   85   85    1    1    1    1    1    1    1    1  4.37822E-03 0.08589 
   86   86    1    1    1    1    1    1    1    1  5.01998E-03 0.09479 
   87   87    1    1    1    1    1    1    1    1  5.34330E-03 0.07129 
   88   88    1    1    1    1    1    1    1    1  5.67729E-03 0.08958 
   89   89    1    1    1    1    1    1    1    1  5.74651E-03 0.10121 
   90   90    1    1    1    1    1    1    1    1  4.81173E-03 0.15870 
   91   91    1    1    1    1    1    1    1    1  4.34410E-03 0.10868 
   92   92    1    1    1    1    1    1    1    1  4.99856E-03 0.08993 
   93   93    1    1    1    1    1    1    1    1  5.51460E-03 0.05797 
   94   94    1    1    1    1    1    1    1    1  5.60242E-03 0.07926 
   95   95    1    1    1    1    1    1    1    1  5.41574E-03 0.06543 
   96   96    1    1    1    1    1    1    1    1  6.13075E-03 0.05200 
   97   97    1    1    1    1    1    1    1    1  5.99926E-03 0.07108 
   98   98    1    1    1    1    1    1    1    1  6.36253E-03 0.05633 
   99   99    1    1    1    1    1    1    1    1  6.38541E-03 0.03771 
  100  100    1    1    1    1    1    1    1    1  6.50183E-03 0.04675 
  101  101    1    1    1    1    1    1    1    1  6.10028E-03 0.04164 
  102  102    1    1    1    1    1    1    1    1  5.20628E-03 0.02792 
  103  103    1    1    1    1    1    1    1    1  6.19182E-03 0.02856 
  104  104    1    1    1    1    1    1    1    1  8.65174E-03 0.05104 
  105  105    1    1    1    1    1    1    1    1  1.49699E-02 0.03554 
  106  106    1    1    1    1    1    1    1    1  1.96678E-02 0.02998 
  107  107    1    1    1    1    1    1    1    1  2.31196E-02 0.03856 
  108  108    1    1    1    1    1    1    1    1  2.53153E-02 0.03073 
  109  109    1    1    1    1    1    1    1    1  2.59387E-02 0.05650 
