
DETspectrum = [
    1    1    1    1    1    1    1    1    1    1  0.00000E+00 0.00000 
    2    2    1    1    1    1    1    1    1    1  0.00000E+00 0.00000 
    3    3    1    1    1    1    1    1    1    1  0.00000E+00 0.00000 
    4    4    1    1    1    1    1    1    1    1  0.00000E+00 0.00000 
    5    5    1    1    1    1    1    1    1    1  0.00000E+00 0.00000 
    6    6    1    1    1    1    1    1    1    1  0.00000E+00 0.00000 
    7    7    1    1    1    1    1    1    1    1  0.00000E+00 0.00000 
    8    8    1    1    1    1    1    1    1    1  0.00000E+00 0.00000 
    9    9    1    1    1    1    1    1    1    1  0.00000E+00 0.00000 
   10   10    1    1    1    1    1    1    1    1  0.00000E+00 0.00000 
   11   11    1    1    1    1    1    1    1    1  0.00000E+00 0.00000 
   12   12    1    1    1    1    1    1    1    1  0.00000E+00 0.00000 
   13   13    1    1    1    1    1    1    1    1  0.00000E+00 0.00000 
   14   14    1    1    1    1    1    1    1    1  0.00000E+00 0.00000 
   15   15    1    1    1    1    1    1    1    1  0.00000E+00 0.00000 
   16   16    1    1    1    1    1    1    1    1  0.00000E+00 0.00000 
   17   17    1    1    1    1    1    1    1    1  0.00000E+00 0.00000 
   18   18    1    1    1    1    1    1    1    1  0.00000E+00 0.00000 
   19   19    1    1    1    1    1    1    1    1  1.08731E-06 0.70533 
   20   20    1    1    1    1    1    1    1    1  9.55102E-07 0.57445 
   21   21    1    1    1    1    1    1    1    1  2.18437E-06 0.52436 
   22   22    1    1    1    1    1    1    1    1  2.45201E-06 0.46657 
   23   23    1    1    1    1    1    1    1    1  1.01287E-05 0.57089 
   24   24    1    1    1    1    1    1    1    1  2.27117E-05 0.38625 
   25   25    1    1    1    1    1    1    1    1  2.97659E-05 0.29852 
   26   26    1    1    1    1    1    1    1    1  8.55575E-05 0.33776 
   27   27    1    1    1    1    1    1    1    1  7.68858E-05 0.28378 
   28   28    1    1    1    1    1    1    1    1  1.40573E-04 0.39863 
   29   29    1    1    1    1    1    1    1    1  1.90329E-04 0.25879 
   30   30    1    1    1    1    1    1    1    1  1.77870E-04 0.25107 
   31   31    1    1    1    1    1    1    1    1  1.73789E-04 0.20744 
   32   32    1    1    1    1    1    1    1    1  3.36671E-04 0.26535 
   33   33    1    1    1    1    1    1    1    1  4.49190E-04 0.24692 
   34   34    1    1    1    1    1    1    1    1  3.37943E-04 0.20112 
   35   35    1    1    1    1    1    1    1    1  4.87721E-04 0.17471 
   36   36    1    1    1    1    1    1    1    1  6.06710E-04 0.20036 
   37   37    1    1    1    1    1    1    1    1  6.74109E-04 0.14659 
   38   38    1    1    1    1    1    1    1    1  7.47157E-04 0.14960 
   39   39    1    1    1    1    1    1    1    1  8.66152E-04 0.13892 
   40   40    1    1    1    1    1    1    1    1  1.19308E-03 0.19444 
   41   41    1    1    1    1    1    1    1    1  1.15113E-03 0.12438 
   42   42    1    1    1    1    1    1    1    1  1.15982E-03 0.12122 
   43   43    1    1    1    1    1    1    1    1  1.48942E-03 0.12298 
   44   44    1    1    1    1    1    1    1    1  1.54716E-03 0.12294 
   45   45    1    1    1    1    1    1    1    1  1.55007E-03 0.12168 
   46   46    1    1    1    1    1    1    1    1  2.17455E-03 0.12814 
   47   47    1    1    1    1    1    1    1    1  2.15591E-03 0.11703 
   48   48    1    1    1    1    1    1    1    1  2.00314E-03 0.12768 
   49   49    1    1    1    1    1    1    1    1  2.26006E-03 0.13700 
   50   50    1    1    1    1    1    1    1    1  2.14083E-03 0.17456 
   51   51    1    1    1    1    1    1    1    1  1.90685E-03 0.15223 
   52   52    1    1    1    1    1    1    1    1  1.67382E-03 0.18644 
   53   53    1    1    1    1    1    1    1    1  1.85694E-03 0.15743 
   54   54    1    1    1    1    1    1    1    1  2.17876E-03 0.16768 
   55   55    1    1    1    1    1    1    1    1  1.97831E-03 0.19204 
   56   56    1    1    1    1    1    1    1    1  2.26701E-03 0.15022 
   57   57    1    1    1    1    1    1    1    1  2.08758E-03 0.15151 
   58   58    1    1    1    1    1    1    1    1  2.46001E-03 0.15451 
   59   59    1    1    1    1    1    1    1    1  1.83557E-03 0.15818 
   60   60    1    1    1    1    1    1    1    1  1.95786E-03 0.16059 
   61   61    1    1    1    1    1    1    1    1  2.43184E-03 0.17892 
   62   62    1    1    1    1    1    1    1    1  2.84147E-03 0.17715 
   63   63    1    1    1    1    1    1    1    1  2.59085E-03 0.15828 
   64   64    1    1    1    1    1    1    1    1  2.31282E-03 0.16999 
   65   65    1    1    1    1    1    1    1    1  2.39668E-03 0.11448 
   66   66    1    1    1    1    1    1    1    1  2.17663E-03 0.10322 
   67   67    1    1    1    1    1    1    1    1  2.61553E-03 0.12594 
   68   68    1    1    1    1    1    1    1    1  2.77560E-03 0.13507 
   69   69    1    1    1    1    1    1    1    1  2.65603E-03 0.09351 
   70   70    1    1    1    1    1    1    1    1  2.80418E-03 0.09797 
   71   71    1    1    1    1    1    1    1    1  3.40656E-03 0.07850 
   72   72    1    1    1    1    1    1    1    1  3.63146E-03 0.10721 
   73   73    1    1    1    1    1    1    1    1  3.15092E-03 0.10179 
   74   74    1    1    1    1    1    1    1    1  3.26124E-03 0.07722 
   75   75    1    1    1    1    1    1    1    1  3.76727E-03 0.08452 
   76   76    1    1    1    1    1    1    1    1  3.83693E-03 0.08147 
   77   77    1    1    1    1    1    1    1    1  3.73489E-03 0.07916 
   78   78    1    1    1    1    1    1    1    1  4.23755E-03 0.08035 
   79   79    1    1    1    1    1    1    1    1  4.30649E-03 0.08198 
   80   80    1    1    1    1    1    1    1    1  4.76187E-03 0.06885 
   81   81    1    1    1    1    1    1    1    1  4.65326E-03 0.06782 
   82   82    1    1    1    1    1    1    1    1  4.48802E-03 0.06470 
   83   83    1    1    1    1    1    1    1    1  4.61078E-03 0.07128 
   84   84    1    1    1    1    1    1    1    1  4.88606E-03 0.07182 
   85   85    1    1    1    1    1    1    1    1  5.43662E-03 0.07044 
   86   86    1    1    1    1    1    1    1    1  5.57760E-03 0.07218 
   87   87    1    1    1    1    1    1    1    1  5.37803E-03 0.06447 
   88   88    1    1    1    1    1    1    1    1  5.44479E-03 0.06875 
   89   89    1    1    1    1    1    1    1    1  5.62531E-03 0.06498 
   90   90    1    1    1    1    1    1    1    1  5.43696E-03 0.10423 
   91   91    1    1    1    1    1    1    1    1  6.55953E-03 0.07230 
   92   92    1    1    1    1    1    1    1    1  6.53217E-03 0.07014 
   93   93    1    1    1    1    1    1    1    1  6.81223E-03 0.05065 
   94   94    1    1    1    1    1    1    1    1  6.37314E-03 0.05209 
   95   95    1    1    1    1    1    1    1    1  6.83533E-03 0.04557 
   96   96    1    1    1    1    1    1    1    1  7.06403E-03 0.03763 
   97   97    1    1    1    1    1    1    1    1  6.78994E-03 0.04631 
   98   98    1    1    1    1    1    1    1    1  6.77542E-03 0.03798 
   99   99    1    1    1    1    1    1    1    1  6.70232E-03 0.03148 
  100  100    1    1    1    1    1    1    1    1  6.31574E-03 0.03089 
  101  101    1    1    1    1    1    1    1    1  6.12570E-03 0.02520 
  102  102    1    1    1    1    1    1    1    1  5.52197E-03 0.02391 
  103  103    1    1    1    1    1    1    1    1  6.54978E-03 0.02187 
  104  104    1    1    1    1    1    1    1    1  9.47016E-03 0.03352 
  105  105    1    1    1    1    1    1    1    1  1.61249E-02 0.02539 
  106  106    1    1    1    1    1    1    1    1  2.08612E-02 0.02458 
  107  107    1    1    1    1    1    1    1    1  2.30105E-02 0.02613 
  108  108    1    1    1    1    1    1    1    1  2.59988E-02 0.02265 
  109  109    1    1    1    1    1    1    1    1  2.58630E-02 0.03297 
