
ZAI = [
666
0
];

NAMES = [
'lost            '
'total           '
];

iLOST    = 1;
iTOT     = 2;

MAT_fuel_VOLUME = [ 1.80000E+07 1.80000E+07 ];

MAT_fuel_BURNUP = [ 0.00000E+00 2.07629E-01 ];

MAT_fuel_ADENS = [
0.00000E+00 7.69281E-14 % lost data
7.42501E-02 7.42515E-02 % total
];

MAT_fuel_MDENS = [
0.00000E+00 0.00000E+00 % lost data
4.12490E+00 4.12490E+00 % total
];

MAT_fuel_A = [
0.00000E+00 0.00000E+00 % lost data
1.80953E+15 4.99771E+20 % total
];

MAT_fuel_H = [
0.00000E+00 0.00000E+00 % lost data
1.42305E+03 1.52344E+08 % total
];

MAT_fuel_SF = [
0.00000E+00 0.00000E+00 % lost data
1.55229E+00 7.63605E+00 % total
];

MAT_fuel_GSRC = [
0.00000E+00 0.00000E+00 % lost data
1.13762E+10 3.39511E+20 % total
];

MAT_fuel_ING_TOX = [
0.00000E+00 0.00000E+00 % lost data
9.23139E+07 1.08908E+11 % total
];

MAT_fuel_INH_TOX = [
0.00000E+00 0.00000E+00 % lost data
1.73871E+10 1.06533E+11 % total
];

MAT_blank_VOLUME = [ 7.30000E+07 7.30000E+07 ];

MAT_blank_BURNUP = [ 0.00000E+00 1.50551E-05 ];

MAT_blank_ADENS = [
0.00000E+00 3.09428E-16 % lost data
7.42719E-02 7.42719E-02 % total
];

MAT_blank_MDENS = [
0.00000E+00 0.00000E+00 % lost data
4.12490E+00 4.12490E+00 % total
];

MAT_blank_A = [
0.00000E+00 0.00000E+00 % lost data
7.12895E+11 1.13331E+19 % total
];

MAT_blank_H = [
0.00000E+00 0.00000E+00 % lost data
4.65769E-01 9.46475E+05 % total
];

MAT_blank_SF = [
0.00000E+00 0.00000E+00 % lost data
7.12895E+00 7.13026E+00 % total
];

MAT_blank_GSRC = [
0.00000E+00 0.00000E+00 % lost data
5.22458E+10 3.36475E+18 % total
];

MAT_blank_ING_TOX = [
0.00000E+00 0.00000E+00 % lost data
1.63966E+05 6.88665E+08 % total
];

MAT_blank_INH_TOX = [
0.00000E+00 0.00000E+00 % lost data
7.84185E+07 3.06300E+09 % total
];

TOT_VOLUME = [ 9.10000E+07 9.10000E+07 ];

TOT_BURNUP = [ 0.00000E+00 4.10884E-02 ];

TOT_ADENS = [
0.00000E+00 1.54648E-14 % lost data
7.42676E-02 7.42679E-02 % total
];

TOT_MASS = [
0.00000E+00 0.00000E+00 % lost data
3.75366E+08 3.75366E+08 % total
];

TOT_A = [
0.00000E+00 0.00000E+00 % lost data
1.81024E+15 5.11104E+20 % total
];

TOT_H = [
0.00000E+00 0.00000E+00 % lost data
1.42352E+03 1.53290E+08 % total
];

TOT_SF = [
0.00000E+00 0.00000E+00 % lost data
8.68124E+00 1.47663E+01 % total
];

TOT_GSRC = [
0.00000E+00 0.00000E+00 % lost data
6.36221E+10 3.42876E+20 % total
];

TOT_ING_TOX = [
0.00000E+00 0.00000E+00 % lost data
9.24779E+07 1.09597E+11 % total
];

TOT_INH_TOX = [
0.00000E+00 0.00000E+00 % lost data
1.74655E+10 1.09596E+11 % total
];

BU = [ 0.00000E+00 4.10875E-02 ];

DAYS = [ 0.00000E+00 3.00000E+00 ];
