
DETspectrum = [
    1    1    1    1    1    1    1    1    1    1  5.48215E-03 0.00520 
    2    2    1    1    1    1    1    1    1    1  1.31231E-01 0.00441 
    3    3    1    1    1    1    1    1    1    1  1.73026E-01 0.00367 
    4    4    1    1    1    1    1    1    1    1  2.01378E-01 0.00361 
    5    5    1    1    1    1    1    1    1    1  2.40590E-01 0.00304 
    6    6    1    1    1    1    1    1    1    1  2.74745E-01 0.00415 
    7    7    1    1    1    1    1    1    1    1  3.16936E-01 0.00294 
    8    8    1    1    1    1    1    1    1    1  3.98010E-01 0.00258 
    9    9    1    1    1    1    1    1    1    1  4.85123E-01 0.00235 
   10   10    1    1    1    1    1    1    1    1  5.75117E-01 0.00190 
   11   11    1    1    1    1    1    1    1    1  6.67065E-01 0.00188 
   12   12    1    1    1    1    1    1    1    1  7.64612E-01 0.00170 
   13   13    1    1    1    1    1    1    1    1  8.59280E-01 0.00162 
   14   14    1    1    1    1    1    1    1    1  9.53980E-01 0.00154 
   15   15    1    1    1    1    1    1    1    1  1.05130E+00 0.00147 
   16   16    1    1    1    1    1    1    1    1  1.14867E+00 0.00132 
   17   17    1    1    1    1    1    1    1    1  1.24185E+00 0.00131 
   18   18    1    1    1    1    1    1    1    1  1.33448E+00 0.00120 
   19   19    1    1    1    1    1    1    1    1  1.42454E+00 0.00121 
   20   20    1    1    1    1    1    1    1    1  1.51796E+00 0.00110 
   21   21    1    1    1    1    1    1    1    1  1.58571E+00 0.00110 
   22   22    1    1    1    1    1    1    1    1  1.67451E+00 0.00109 
   23   23    1    1    1    1    1    1    1    1  1.75929E+00 0.00109 
   24   24    1    1    1    1    1    1    1    1  1.85605E+00 0.00105 
   25   25    1    1    1    1    1    1    1    1  1.96484E+00 0.00096 
   26   26    1    1    1    1    1    1    1    1  2.09087E+00 0.00100 
   27   27    1    1    1    1    1    1    1    1  2.22563E+00 0.00098 
   28   28    1    1    1    1    1    1    1    1  2.36132E+00 0.00100 
   29   29    1    1    1    1    1    1    1    1  2.53645E+00 0.00095 
   30   30    1    1    1    1    1    1    1    1  2.76517E+00 0.00090 
   31   31    1    1    1    1    1    1    1    1  3.09165E+00 0.00084 
   32   32    1    1    1    1    1    1    1    1  3.63166E+00 0.00095 
   33   33    1    1    1    1    1    1    1    1  4.44737E+00 0.00092 
   34   34    1    1    1    1    1    1    1    1  5.47840E+00 0.00092 
   35   35    1    1    1    1    1    1    1    1  6.28098E+00 0.00121 
   36   36    1    1    1    1    1    1    1    1  6.63887E+00 0.00141 
   37   37    1    1    1    1    1    1    1    1  6.79561E+00 0.00122 
   38   38    1    1    1    1    1    1    1    1  7.41706E+00 0.00120 
   39   39    1    1    1    1    1    1    1    1  8.27916E+00 0.00121 
   40   40    1    1    1    1    1    1    1    1  8.86436E+00 0.00087 
   41   41    1    1    1    1    1    1    1    1  9.67055E+00 0.00087 
   42   42    1    1    1    1    1    1    1    1  1.02736E+01 0.00098 
   43   43    1    1    1    1    1    1    1    1  1.03961E+01 0.00100 
   44   44    1    1    1    1    1    1    1    1  1.02015E+01 0.00074 
   45   45    1    1    1    1    1    1    1    1  9.88114E+00 0.00069 
   46   46    1    1    1    1    1    1    1    1  8.69811E+00 0.00069 
   47   47    1    1    1    1    1    1    1    1  7.21939E+00 0.00063 
   48   48    1    1    1    1    1    1    1    1  6.34554E+00 0.00076 
   49   49    1    1    1    1    1    1    1    1  5.98687E+00 0.00091 
   50   50    1    1    1    1    1    1    1    1  5.88504E+00 0.00092 
   51   51    1    1    1    1    1    1    1    1  5.74400E+00 0.00087 
   52   52    1    1    1    1    1    1    1    1  6.39603E+00 0.00071 
   53   53    1    1    1    1    1    1    1    1  8.10525E+00 0.00059 
   54   54    1    1    1    1    1    1    1    1  7.91982E+00 0.00069 
   55   55    1    1    1    1    1    1    1    1  1.00305E+01 0.00078 
   56   56    1    1    1    1    1    1    1    1  1.19372E+01 0.00081 
   57   57    1    1    1    1    1    1    1    1  1.32693E+01 0.00066 
   58   58    1    1    1    1    1    1    1    1  1.46574E+01 0.00065 
   59   59    1    1    1    1    1    1    1    1  1.44023E+01 0.00064 
   60   60    1    1    1    1    1    1    1    1  1.50452E+01 0.00071 
   61   61    1    1    1    1    1    1    1    1  1.62404E+01 0.00076 
   62   62    1    1    1    1    1    1    1    1  1.19576E+01 0.00071 
   63   63    1    1    1    1    1    1    1    1  1.87165E+01 0.00066 
   64   64    1    1    1    1    1    1    1    1  2.11023E+01 0.00073 
   65   65    1    1    1    1    1    1    1    1  2.40221E+01 0.00063 
   66   66    1    1    1    1    1    1    1    1  2.59445E+01 0.00061 
   67   67    1    1    1    1    1    1    1    1  2.69848E+01 0.00058 
   68   68    1    1    1    1    1    1    1    1  3.16525E+01 0.00057 
   69   69    1    1    1    1    1    1    1    1  3.72991E+01 0.00075 
   70   70    1    1    1    1    1    1    1    1  3.85235E+01 0.00086 
   71   71    1    1    1    1    1    1    1    1  3.96846E+01 0.00085 
   72   72    1    1    1    1    1    1    1    1  4.06508E+01 0.00091 
   73   73    1    1    1    1    1    1    1    1  4.17566E+01 0.00086 
   74   74    1    1    1    1    1    1    1    1  4.69080E+01 0.00087 
   75   75    1    1    1    1    1    1    1    1  5.60897E+01 0.00082 
   76   76    1    1    1    1    1    1    1    1  6.73089E+01 0.00070 
   77   77    1    1    1    1    1    1    1    1  7.16530E+01 0.00078 
   78   78    1    1    1    1    1    1    1    1  5.05464E+01 0.00081 
   79   79    1    1    1    1    1    1    1    1  2.70776E+01 0.00071 
   80   80    1    1    1    1    1    1    1    1  1.93573E+01 0.00084 
   81   81    1    1    1    1    1    1    1    1  1.99305E+01 0.00086 
   82   82    1    1    1    1    1    1    1    1  2.94633E+01 0.00087 
   83   83    1    1    1    1    1    1    1    1  3.42942E+01 0.00088 
   84   84    1    1    1    1    1    1    1    1  3.71704E+01 0.00092 
   85   85    1    1    1    1    1    1    1    1  3.94196E+01 0.00079 
   86   86    1    1    1    1    1    1    1    1  4.12894E+01 0.00082 
   87   87    1    1    1    1    1    1    1    1  4.27250E+01 0.00089 
   88   88    1    1    1    1    1    1    1    1  4.32758E+01 0.00084 
   89   89    1    1    1    1    1    1    1    1  4.61731E+01 0.00075 
   90   90    1    1    1    1    1    1    1    1  4.89310E+01 0.00076 
   91   91    1    1    1    1    1    1    1    1  5.14202E+01 0.00073 
   92   92    1    1    1    1    1    1    1    1  5.08553E+01 0.00084 
   93   93    1    1    1    1    1    1    1    1  4.86434E+01 0.00077 
   94   94    1    1    1    1    1    1    1    1  4.92581E+01 0.00076 
   95   95    1    1    1    1    1    1    1    1  5.09744E+01 0.00083 
   96   96    1    1    1    1    1    1    1    1  5.20089E+01 0.00080 
   97   97    1    1    1    1    1    1    1    1  5.36808E+01 0.00081 
   98   98    1    1    1    1    1    1    1    1  5.55855E+01 0.00079 
   99   99    1    1    1    1    1    1    1    1  5.93717E+01 0.00073 
  100  100    1    1    1    1    1    1    1    1  5.97629E+01 0.00082 
  101  101    1    1    1    1    1    1    1    1  6.08895E+01 0.00075 
  102  102    1    1    1    1    1    1    1    1  5.71550E+01 0.00079 
  103  103    1    1    1    1    1    1    1    1  3.68556E+01 0.00072 
  104  104    1    1    1    1    1    1    1    1  5.06662E+01 0.00066 
  105  105    1    1    1    1    1    1    1    1  5.23294E+01 0.00073 
  106  106    1    1    1    1    1    1    1    1  4.93719E+01 0.00073 
  107  107    1    1    1    1    1    1    1    1  3.64751E+01 0.00082 
  108  108    1    1    1    1    1    1    1    1  2.25186E+01 0.00072 
  109  109    1    1    1    1    1    1    1    1  3.82962E+01 0.00079 
