
DETspectrum = [
    1    1    1    1    1    1    1    1    1    1  5.58312E-03 0.00478 
    2    2    1    1    1    1    1    1    1    1  1.33655E-01 0.00405 
    3    3    1    1    1    1    1    1    1    1  1.74633E-01 0.00378 
    4    4    1    1    1    1    1    1    1    1  2.02347E-01 0.00402 
    5    5    1    1    1    1    1    1    1    1  2.38286E-01 0.00303 
    6    6    1    1    1    1    1    1    1    1  2.71309E-01 0.00363 
    7    7    1    1    1    1    1    1    1    1  3.15177E-01 0.00249 
    8    8    1    1    1    1    1    1    1    1  3.96326E-01 0.00213 
    9    9    1    1    1    1    1    1    1    1  4.84328E-01 0.00221 
   10   10    1    1    1    1    1    1    1    1  5.75283E-01 0.00194 
   11   11    1    1    1    1    1    1    1    1  6.68854E-01 0.00172 
   12   12    1    1    1    1    1    1    1    1  7.64781E-01 0.00163 
   13   13    1    1    1    1    1    1    1    1  8.58600E-01 0.00147 
   14   14    1    1    1    1    1    1    1    1  9.51969E-01 0.00144 
   15   15    1    1    1    1    1    1    1    1  1.04860E+00 0.00132 
   16   16    1    1    1    1    1    1    1    1  1.14831E+00 0.00134 
   17   17    1    1    1    1    1    1    1    1  1.24113E+00 0.00122 
   18   18    1    1    1    1    1    1    1    1  1.33254E+00 0.00118 
   19   19    1    1    1    1    1    1    1    1  1.42638E+00 0.00116 
   20   20    1    1    1    1    1    1    1    1  1.51710E+00 0.00101 
   21   21    1    1    1    1    1    1    1    1  1.58678E+00 0.00102 
   22   22    1    1    1    1    1    1    1    1  1.67580E+00 0.00107 
   23   23    1    1    1    1    1    1    1    1  1.76065E+00 0.00105 
   24   24    1    1    1    1    1    1    1    1  1.85527E+00 0.00103 
   25   25    1    1    1    1    1    1    1    1  1.97161E+00 0.00097 
   26   26    1    1    1    1    1    1    1    1  2.09103E+00 0.00097 
   27   27    1    1    1    1    1    1    1    1  2.22538E+00 0.00092 
   28   28    1    1    1    1    1    1    1    1  2.36113E+00 0.00094 
   29   29    1    1    1    1    1    1    1    1  2.53340E+00 0.00094 
   30   30    1    1    1    1    1    1    1    1  2.76181E+00 0.00095 
   31   31    1    1    1    1    1    1    1    1  3.09188E+00 0.00094 
   32   32    1    1    1    1    1    1    1    1  3.63182E+00 0.00095 
   33   33    1    1    1    1    1    1    1    1  4.44692E+00 0.00100 
   34   34    1    1    1    1    1    1    1    1  5.47018E+00 0.00097 
   35   35    1    1    1    1    1    1    1    1  6.25345E+00 0.00124 
   36   36    1    1    1    1    1    1    1    1  6.60045E+00 0.00122 
   37   37    1    1    1    1    1    1    1    1  6.84737E+00 0.00120 
   38   38    1    1    1    1    1    1    1    1  7.47117E+00 0.00124 
   39   39    1    1    1    1    1    1    1    1  8.26780E+00 0.00113 
   40   40    1    1    1    1    1    1    1    1  8.88088E+00 0.00086 
   41   41    1    1    1    1    1    1    1    1  9.73828E+00 0.00088 
   42   42    1    1    1    1    1    1    1    1  1.02038E+01 0.00106 
   43   43    1    1    1    1    1    1    1    1  1.02368E+01 0.00101 
   44   44    1    1    1    1    1    1    1    1  1.02833E+01 0.00079 
   45   45    1    1    1    1    1    1    1    1  9.86245E+00 0.00067 
   46   46    1    1    1    1    1    1    1    1  8.70373E+00 0.00062 
   47   47    1    1    1    1    1    1    1    1  7.18489E+00 0.00065 
   48   48    1    1    1    1    1    1    1    1  6.31439E+00 0.00074 
   49   49    1    1    1    1    1    1    1    1  5.98888E+00 0.00080 
   50   50    1    1    1    1    1    1    1    1  5.88736E+00 0.00099 
   51   51    1    1    1    1    1    1    1    1  5.73362E+00 0.00082 
   52   52    1    1    1    1    1    1    1    1  6.42892E+00 0.00070 
   53   53    1    1    1    1    1    1    1    1  8.08724E+00 0.00063 
   54   54    1    1    1    1    1    1    1    1  8.00563E+00 0.00063 
   55   55    1    1    1    1    1    1    1    1  1.01014E+01 0.00081 
   56   56    1    1    1    1    1    1    1    1  1.18589E+01 0.00078 
   57   57    1    1    1    1    1    1    1    1  1.32463E+01 0.00061 
   58   58    1    1    1    1    1    1    1    1  1.46324E+01 0.00061 
   59   59    1    1    1    1    1    1    1    1  1.44230E+01 0.00063 
   60   60    1    1    1    1    1    1    1    1  1.50123E+01 0.00071 
   61   61    1    1    1    1    1    1    1    1  1.62039E+01 0.00076 
   62   62    1    1    1    1    1    1    1    1  1.18167E+01 0.00072 
   63   63    1    1    1    1    1    1    1    1  1.87337E+01 0.00063 
   64   64    1    1    1    1    1    1    1    1  2.10477E+01 0.00063 
   65   65    1    1    1    1    1    1    1    1  2.39152E+01 0.00061 
   66   66    1    1    1    1    1    1    1    1  2.60177E+01 0.00060 
   67   67    1    1    1    1    1    1    1    1  2.68403E+01 0.00059 
   68   68    1    1    1    1    1    1    1    1  3.17232E+01 0.00051 
   69   69    1    1    1    1    1    1    1    1  3.81175E+01 0.00057 
   70   70    1    1    1    1    1    1    1    1  4.06589E+01 0.00087 
   71   71    1    1    1    1    1    1    1    1  4.81990E+01 0.00062 
   72   72    1    1    1    1    1    1    1    1  6.73135E+01 0.00079 
   73   73    1    1    1    1    1    1    1    1  7.16280E+01 0.00077 
   74   74    1    1    1    1    1    1    1    1  3.88261E+01 0.00057 
   75   75    1    1    1    1    1    1    1    1  2.28947E+01 0.00065 
   76   76    1    1    1    1    1    1    1    1  3.89278E+01 0.00049 
   77   77    1    1    1    1    1    1    1    1  4.61006E+01 0.00059 
   78   78    1    1    1    1    1    1    1    1  5.14390E+01 0.00073 
   79   79    1    1    1    1    1    1    1    1  5.08158E+01 0.00075 
   80   80    1    1    1    1    1    1    1    1  5.09289E+01 0.00049 
   81   81    1    1    1    1    1    1    1    1  5.86108E+01 0.00042 
   82   82    1    1    1    1    1    1    1    1  4.51686E+01 0.00041 
   83   83    1    1    1    1    1    1    1    1  3.62544E+01 0.00049 
   84   84    1    1    1    1    1    1    1    1  5.22491E+01 0.00053 
   85   85    1    1    1    1    1    1    1    1  6.12545E+01 0.00056 
   86   86    1    1    1    1    1    1    1    1  6.41065E+01 0.00047 
   87   87    1    1    1    1    1    1    1    1  6.65712E+01 0.00039 
   88   88    1    1    1    1    1    1    1    1  7.99856E+01 0.00037 
   89   89    1    1    1    1    1    1    1    1  7.17055E+01 0.00043 
   90   90    1    1    1    1    1    1    1    1  7.83781E+01 0.00036 
   91   91    1    1    1    1    1    1    1    1  7.03128E+01 0.00051 
   92   92    1    1    1    1    1    1    1    1  9.09936E+01 0.00050 
   93   93    1    1    1    1    1    1    1    1  9.33912E+01 0.00052 
   94   94    1    1    1    1    1    1    1    1  7.99834E+01 0.00045 
   95   95    1    1    1    1    1    1    1    1  7.00510E+01 0.00053 
   96   96    1    1    1    1    1    1    1    1  7.05034E+01 0.00055 
   97   97    1    1    1    1    1    1    1    1  8.67554E+01 0.00052 
   98   98    1    1    1    1    1    1    1    1  9.30616E+01 0.00063 
   99   99    1    1    1    1    1    1    1    1  9.42647E+01 0.00064 
  100  100    1    1    1    1    1    1    1    1  1.03860E+02 0.00063 
  101  101    1    1    1    1    1    1    1    1  1.07519E+02 0.00067 
  102  102    1    1    1    1    1    1    1    1  9.45713E+01 0.00048 
  103  103    1    1    1    1    1    1    1    1  6.26761E+01 0.00050 
  104  104    1    1    1    1    1    1    1    1  6.75128E+01 0.00057 
  105  105    1    1    1    1    1    1    1    1  8.30274E+01 0.00054 
  106  106    1    1    1    1    1    1    1    1  7.15639E+01 0.00055 
  107  107    1    1    1    1    1    1    1    1  7.60718E+01 0.00052 
  108  108    1    1    1    1    1    1    1    1  7.15229E+01 0.00050 
  109  109    1    1    1    1    1    1    1    1  8.18762E+01 0.00058 
